0.000010 0.000010 0.000010 0.052634 0.000010 0.000010 0.947316
0.000010 0.000010 0.016705 0.767522 0.000010 0.000010 0.215733
0.000010 0.000010 0.000010 0.999940 0.000010 0.000010 0.000010
0.000010 0.000010 0.000010 0.564931 0.000010 0.000010 0.435019
0.000010 0.000010 0.026927 0.292262 0.000010 0.000010 0.680771
0.000010 0.000010 0.013417 0.000010 0.000010 0.000010 0.986533
0.000010 0.000010 0.000010 0.654468 0.000010 0.000010 0.345482
0.000010 0.000010 0.000010 0.000010 0.000010 0.438858 0.561092
0.000010 0.000010 0.000010 0.976855 0.000010 0.000010 0.023095
0.000010 0.000010 0.000010 0.999940 0.000010 0.000010 0.000010
0.000010 0.000010 0.000010 0.802290 0.000010 0.000010 0.197660
0.000010 0.000010 0.000010 0.595058 0.000010 0.000010 0.404892
0.000010 0.000010 0.000010 0.999940 0.000010 0.000010 0.000010
0.000010 0.000010 0.000010 0.194032 0.000010 0.000010 0.805918
0.000010 0.000010 0.027697 0.972253 0.000010 0.000010 0.000010
0.000010 0.000010 0.000010 0.279732 0.000010 0.000010 0.720218
0.000010 0.000010 0.027026 0.409210 0.000010 0.000010 0.563725
0.000010 0.000010 0.000010 0.999940 0.000010 0.000010 0.000010
0.000010 0.000016 0.000010 0.999934 0.000010 0.000010 0.000010
0.000010 0.000010 0.000010 0.956739 0.000010 0.000010 0.043211
0.000010 0.000010 0.000010 0.379198 0.000014 0.000010 0.620748
0.000014 0.000010 0.000010 0.751357 0.000010 0.000010 0.248589
0.000010 0.000010 0.000010 0.250154 0.000010 0.000010 0.749796
0.000010 0.000010 0.000010 0.327645 0.000010 0.000010 0.672305
0.000010 0.000010 0.000010 0.553831 0.000010 0.000010 0.446119
0.000010 0.000010 0.000010 0.646659 0.000010 0.000010 0.353290
0.000010 0.000010 0.000010 0.577946 0.000010 0.000010 0.422004
0.000010 0.000010 0.000010 0.999940 0.000010 0.000010 0.000010
0.000010 0.000010 0.000010 0.469244 0.000010 0.000010 0.530706
0.000010 0.000010 0.000010 0.550191 0.000010 0.000010 0.449759
0.000010 0.000010 0.000010 0.999940 0.000010 0.000010 0.000010
0.000010 0.000010 0.000010 0.512886 0.000010 0.000010 0.487064
0.000010 0.000010 0.038735 0.613382 0.000010 0.000010 0.347843
0.000010 0.000010 0.000010 0.533852 0.000010 0.000010 0.466098
0.000010 0.000010 0.000010 0.999940 0.000010 0.000010 0.000010
0.000010 0.000010 0.000010 0.957925 0.000010 0.000010 0.042025
0.000010 0.000010 0.000010 0.999940 0.000010 0.000010 0.000010
0.000010 0.000010 0.000010 0.475931 0.000010 0.000010 0.524019
0.000010 0.000010 0.000010 0.401758 0.000010 0.000010 0.598192
0.000010 0.000010 0.000010 0.826001 0.000010 0.000010 0.173949
0.000010 0.000010 0.000010 0.250722 0.000010 0.000010 0.749228
0.000010 0.000010 0.000010 0.999940 0.000010 0.000010 0.000010
0.000010 0.000010 0.000010 0.676534 0.000010 0.000010 0.323416
0.000010 0.000010 0.014604 0.800690 0.000010 0.000010 0.184666
0.000010 0.000010 0.000010 0.999940 0.000010 0.000010 0.000010
0.000010 0.000010 0.032110 0.515369 0.000010 0.000010 0.452482
0.000010 0.000010 0.000010 0.747372 0.000010 0.000010 0.252578
0.000010 0.000010 0.000010 0.341170 0.000010 0.000010 0.658780
0.000010 0.000010 0.028552 0.681757 0.000010 0.000010 0.289652
0.000010 0.000010 0.000010 0.740212 0.000010 0.000010 0.259738
0.000010 0.000010 0.000010 0.498077 0.000010 0.000010 0.501873
0.000010 0.000010 0.000010 0.351701 0.000010 0.000010 0.648249
0.000010 0.000010 0.000010 0.963765 0.000010 0.000010 0.036185
0.000010 0.000010 0.000010 0.540805 0.000010 0.000010 0.459145
0.000010 0.000010 0.000010 0.999940 0.000010 0.000010 0.000010
0.000010 0.000010 0.000010 0.250126 0.000010 0.000010 0.749824
0.000010 0.000010 0.000010 0.999940 0.000010 0.000010 0.000010
0.000010 0.000010 0.000010 0.000010 0.000010 0.000010 0.999940
0.000010 0.000010 0.000010 0.578973 0.000010 0.000010 0.420977
0.000010 0.000010 0.000010 0.533475 0.000010 0.000010 0.466475
0.000010 0.000010 0.051758 0.492422 0.000010 0.000010 0.455779
0.000010 0.000010 0.000010 0.495355 0.000010 0.000010 0.504595
0.000010 0.000010 0.000010 0.999940 0.000010 0.000010 0.000010
0.000010 0.000010 0.000010 0.431721 0.000010 0.000010 0.568229
0.000010 0.000010 0.000010 0.318207 0.000010 0.000010 0.681743
0.000010 0.000010 0.000010 0.372473 0.000010 0.000010 0.627477
0.000010 0.000010 0.000010 0.676025 0.000010 0.000010 0.323925
0.018157 0.000010 0.000010 0.591278 0.000010 0.000010 0.390525
0.000010 0.000010 0.000010 0.999940 0.000010 0.000010 0.000010
0.000010 0.000010 0.000010 0.999940 0.000010 0.000010 0.000010
0.000010 0.000010 0.000010 0.437124 0.000010 0.000010 0.562826
0.000010 0.000010 0.000010 0.164580 0.000010 0.201054 0.634325
0.000010 0.000010 0.000010 0.999940 0.000010 0.000010 0.000010
0.000010 0.000010 0.000010 0.954743 0.000010 0.000010 0.045207
0.000010 0.000010 0.000010 0.634921 0.000010 0.000010 0.365029
0.000010 0.000010 0.000010 0.715068 0.000010 0.000010 0.284882
0.000010 0.000010 0.000010 0.999940 0.000010 0.000010 0.000010
0.000010 0.000010 0.000010 0.629935 0.000010 0.000010 0.370015
0.000010 0.000010 0.000010 0.660411 0.000010 0.000010 0.339539
0.000010 0.474509 0.000010 0.525441 0.000010 0.000010 0.000010
0.000010 0.000010 0.000010 0.999940 0.000010 0.000010 0.000010
0.000010 0.000010 0.000010 0.999940 0.000010 0.000010 0.000010
0.000010 0.000010 0.000010 0.999940 0.000010 0.000010 0.000010
0.000010 0.000010 0.000010 0.999940 0.000010 0.000010 0.000010
0.000010 0.000010 0.000010 0.146540 0.000010 0.000010 0.853410
0.000010 0.000010 0.000010 0.417460 0.000010 0.000010 0.582490
0.000010 0.000010 0.000010 0.357408 0.000012 0.000010 0.642540
0.000010 0.000010 0.027751 0.233665 0.000010 0.000010 0.738544
0.000010 0.000010 0.000010 0.909735 0.000010 0.000010 0.090215
0.000010 0.000010 0.000010 0.999940 0.000010 0.000010 0.000010
0.000010 0.000010 0.000010 0.882356 0.000010 0.000010 0.117594
0.000010 0.000010 0.000010 0.552519 0.000010 0.000010 0.447431
0.000010 0.000010 0.000010 0.360852 0.000010 0.000010 0.639098
0.000010 0.000010 0.000010 0.398457 0.000010 0.000010 0.601493
0.000010 0.000010 0.000010 0.999940 0.000010 0.000010 0.000010
0.000010 0.000010 0.000010 0.999940 0.000010 0.000010 0.000010
0.000010 0.000010 0.000010 0.614234 0.000010 0.000010 0.385716
0.000010 0.000010 0.000010 0.437005 0.000010 0.000010 0.562945
0.000010 0.000010 0.000010 0.999940 0.000010 0.000010 0.000010
0.000010 0.000010 0.000010 0.999940 0.000010 0.000010 0.000010
0.000010 0.000010 0.000010 0.999940 0.000010 0.000010 0.000010
0.000010 0.000010 0.000010 0.757241 0.000010 0.000010 0.242709
0.000010 0.000013 0.000010 0.583266 0.000010 0.000010 0.416681
0.000010 0.000010 0.000010 0.630762 0.000010 0.000010 0.369188
0.000010 0.000010 0.000010 0.908585 0.000010 0.000010 0.091365
0.000010 0.000010 0.000010 0.999940 0.000010 0.000010 0.000010
0.000010 0.000010 0.000010 0.637631 0.000010 0.000010 0.362319
0.000010 0.000010 0.000010 0.999940 0.000010 0.000010 0.000010
0.000010 0.000010 0.000010 0.446673 0.000010 0.000010 0.553277
0.000010 0.000010 0.000010 0.782751 0.000010 0.000010 0.217199
0.000010 0.000010 0.000010 0.769510 0.000010 0.000010 0.230440
0.000010 0.000010 0.000010 0.724638 0.000010 0.000010 0.275312
0.000010 0.000010 0.000010 0.711300 0.000010 0.000010 0.288650
0.000010 0.000010 0.000010 0.110813 0.000010 0.000010 0.889137
0.000010 0.000010 0.000010 0.999940 0.000010 0.000010 0.000010
0.000010 0.000010 0.030456 0.786684 0.000010 0.000010 0.182820
0.000010 0.000010 0.000010 0.294230 0.000010 0.000010 0.705720
0.000010 0.000010 0.000010 0.999940 0.000010 0.000010 0.000010
0.000010 0.000010 0.000010 0.573782 0.000010 0.000010 0.426168
0.000010 0.000010 0.222609 0.765806 0.000010 0.000010 0.011545
0.000010 0.000010 0.000010 0.414992 0.000010 0.000010 0.584958
0.000010 0.000010 0.000010 0.304977 0.000010 0.000010 0.694973
0.000010 0.000010 0.000010 0.705194 0.000010 0.000010 0.294756
0.000010 0.000010 0.000010 0.999940 0.000010 0.000010 0.000010
0.000010 0.000010 0.000010 0.999940 0.000010 0.000010 0.000010
0.000010 0.000010 0.000010 0.668489 0.000010 0.000010 0.331461
0.000010 0.000010 0.000010 0.341873 0.000010 0.000010 0.658077
0.000010 0.000010 0.000010 0.703474 0.000010 0.000010 0.296476
0.000010 0.000010 0.000010 0.760034 0.000010 0.000010 0.239916
0.000010 0.000010 0.000010 0.999940 0.000010 0.000010 0.000010
0.000010 0.000010 0.000010 0.479751 0.000010 0.000010 0.520199
0.000010 0.000012 0.000010 0.662016 0.000010 0.000010 0.337932
0.000010 0.000010 0.000010 0.291656 0.000010 0.000010 0.708294
0.000010 0.000010 0.000010 0.999940 0.000010 0.000010 0.000010
0.000010 0.000010 0.000010 0.959933 0.000010 0.000010 0.040017
0.000010 0.000010 0.000010 0.999940 0.000010 0.000010 0.000010
0.000010 0.000010 0.032200 0.958101 0.000010 0.000010 0.009659
0.000010 0.000010 0.000010 0.999940 0.000010 0.000010 0.000010
0.000010 0.000010 0.000010 0.491555 0.000010 0.508395 0.000010
0.000010 0.000010 0.000010 0.603771 0.000010 0.000010 0.396179
0.000010 0.000010 0.000010 0.999940 0.000010 0.000010 0.000010
0.000010 0.000010 0.000010 0.487185 0.000010 0.000010 0.512765
0.000010 0.000010 0.000010 0.255027 0.000010 0.000010 0.744923
0.000010 0.000010 0.000010 0.000010 0.000010 0.000010 0.999940
0.000015 0.000010 0.000010 0.999935 0.000010 0.000010 0.000010
0.000010 0.000010 0.000010 0.286596 0.000010 0.000010 0.713354
0.000010 0.000010 0.000010 0.460689 0.000010 0.000010 0.539261
0.000010 0.000010 0.000010 0.633598 0.000010 0.000010 0.366352
0.000010 0.000010 0.000010 0.905196 0.000010 0.000010 0.094754
0.000010 0.000010 0.000010 0.173915 0.000010 0.000010 0.826035
0.000010 0.000010 0.000010 0.673457 0.000010 0.000010 0.326493
0.000010 0.000010 0.000010 0.000010 0.000010 0.446771 0.553179
0.000010 0.000010 0.000010 0.524052 0.000010 0.000010 0.475898
0.000010 0.000010 0.000010 0.242640 0.000010 0.000010 0.757310
0.000010 0.000010 0.000010 0.756218 0.000010 0.000010 0.243732
0.000010 0.000010 0.000010 0.553931 0.000010 0.000010 0.446019
0.000010 0.000010 0.000010 0.926788 0.000010 0.000010 0.073162
0.000010 0.000010 0.019410 0.980540 0.000010 0.000010 0.000010
0.000010 0.000010 0.000010 0.999940 0.000010 0.000010 0.000010
0.000010 0.000010 0.038434 0.630422 0.000010 0.175435 0.155679
0.000010 0.000010 0.000010 0.073910 0.000010 0.000010 0.926040
0.000010 0.000010 0.000010 0.330237 0.000010 0.000010 0.669713
0.000010 0.000010 0.000010 0.643877 0.000010 0.000010 0.356073
0.000010 0.000010 0.000010 0.511974 0.000010 0.000010 0.487976
0.000010 0.000010 0.000010 0.999940 0.000010 0.000010 0.000010
0.000010 0.000010 0.000010 0.681606 0.000010 0.000010 0.318344
0.000010 0.000010 0.000010 0.612386 0.000010 0.000010 0.387564
0.000010 0.000010 0.000010 0.285599 0.000010 0.000010 0.714351
0.000010 0.000010 0.000010 0.494621 0.505329 0.000010 0.000010
0.000010 0.000010 0.000010 0.999940 0.000010 0.000010 0.000010
0.000010 0.000010 0.000010 0.906964 0.000010 0.000010 0.092986
0.000010 0.000010 0.000010 0.105136 0.000010 0.000010 0.894814
0.000010 0.000010 0.000010 0.414131 0.000010 0.000010 0.585819
0.000010 0.000010 0.000010 0.999940 0.000010 0.000010 0.000010
0.000010 0.000010 0.000010 0.813499 0.000010 0.000010 0.186451
0.000010 0.000010 0.000010 0.415239 0.000010 0.000010 0.584711
0.000010 0.000010 0.049433 0.382778 0.000010 0.000010 0.567749
0.000010 0.000010 0.000010 0.363281 0.000010 0.000010 0.636669
0.000010 0.000010 0.000010 0.927669 0.000010 0.000010 0.072281
0.829076 0.000010 0.027781 0.000010 0.000010 0.000010 0.143104
0.000010 0.000010 0.000010 0.000010 0.000010 0.999940 0.000010
0.000010 0.000010 0.000010 0.000010 0.000010 0.000010 0.999940
0.350969 0.000010 0.002568 0.000010 0.000010 0.000010 0.646424
0.000010 0.157785 0.000010 0.000010 0.000010 0.000010 0.842165
0.000010 0.000010 0.000010 0.000010 0.000010 0.101938 0.898012
0.000010 0.000010 0.000010 0.000010 0.000010 0.504823 0.495127
0.000010 0.957942 0.000010 0.000010 0.000010 0.000010 0.042008
0.000010 0.963046 0.000010 0.000010 0.000010 0.000010 0.036904
0.000010 0.000010 0.000010 0.000010 0.000010 0.999940 0.000010
0.000010 0.000010 0.000010 0.000010 0.000010 0.633749 0.366201
0.290197 0.000010 0.000010 0.000010 0.000010 0.000010 0.709753
0.419708 0.000010 0.000010 0.000010 0.000010 0.000010 0.580242
0.736078 0.000010 0.000010 0.000010 0.000010 0.000010 0.263872
0.000010 0.557447 0.000010 0.000010 0.000010 0.244696 0.197817
0.176104 0.000010 0.000010 0.000010 0.215005 0.000010 0.608850
0.000010 0.000010 0.000010 0.281361 0.000010 0.000010 0.718589
0.000010 0.999940 0.000010 0.000010 0.000010 0.000010 0.000010
0.000010 0.000010 0.000010 0.000010 0.000010 0.000010 0.999940
0.000010 0.714944 0.000010 0.000010 0.000010 0.000010 0.285006
0.215683 0.000010 0.000010 0.000010 0.000010 0.000010 0.784267
0.284751 0.000010 0.000010 0.000010 0.000010 0.000010 0.715199
0.999940 0.000010 0.000010 0.000010 0.000010 0.000010 0.000010
0.000010 0.674566 0.000010 0.000010 0.000010 0.000010 0.325384
0.000010 0.000010 0.014186 0.346583 0.000010 0.000010 0.639191
0.999940 0.000010 0.000010 0.000010 0.000010 0.000010 0.000010
0.216337 0.000010 0.424907 0.000010 0.000010 0.000010 0.358716
0.000010 0.058539 0.000010 0.000010 0.000010 0.000010 0.941411
0.000010 0.000010 0.069048 0.402433 0.182708 0.000010 0.345780
0.000010 0.000010 0.000010 0.000010 0.000010 0.467097 0.532853
0.000010 0.000010 0.000010 0.000010 0.999940 0.000010 0.000010
0.000010 0.000010 0.000010 0.000010 0.000010 0.000010 0.999940
0.000010 0.000010 0.000010 0.000010 0.494297 0.000010 0.505653
0.000010 0.000010 0.000010 0.000010 0.000010 0.612106 0.387844
0.000010 0.000010 0.000010 0.000010 0.756127 0.000010 0.243823
0.377409 0.000010 0.000010 0.000010 0.000010 0.000010 0.622541
0.000010 0.000010 0.000010 0.000010 0.000010 0.834202 0.165748
0.000010 0.134164 0.000010 0.000010 0.000010 0.000010 0.865786
0.000010 0.000010 0.000010 0.000010 0.157944 0.000010 0.842006
0.390203 0.000010 0.000010 0.000010 0.000010 0.000010 0.609747
0.000010 0.000010 0.000010 0.000010 0.000010 0.000010 0.999940
0.618544 0.000010 0.000010 0.102526 0.000010 0.000010 0.278890
0.000010 0.000010 0.000010 0.036858 0.000010 0.000010 0.963092
0.000010 0.000010 0.000010 0.000019 0.778983 0.000010 0.220958
0.649902 0.000010 0.000010 0.000010 0.000010 0.000010 0.350048
0.396683 0.000010 0.000010 0.000010 0.000010 0.000010 0.603267
0.000010 0.706343 0.064696 0.000010 0.000010 0.000010 0.228921
0.000010 0.000010 0.000010 0.299421 0.000010 0.000010 0.700529
0.000010 0.971507 0.028443 0.000010 0.000010 0.000010 0.000010
0.000010 0.999940 0.000010 0.000010 0.000010 0.000010 0.000010
0.000010 0.000010 0.000010 0.000010 0.958040 0.000010 0.041910
0.000010 0.000010 0.000010 0.000010 0.000010 0.420350 0.579600
0.000010 0.000010 0.000010 0.000010 0.000010 0.000010 0.999940
0.000010 0.000010 0.000010 0.000010 0.000010 0.000010 0.999940
0.000010 0.747870 0.000010 0.000010 0.000010 0.000010 0.252080
0.000010 0.000010 0.000010 0.000010 0.000010 0.657994 0.341956
0.000010 0.000010 0.000010 0.000010 0.000010 0.779771 0.220179
0.999940 0.000010 0.000010 0.000010 0.000010 0.000010 0.000010
0.000010 0.000010 0.036502 0.000010 0.000010 0.000010 0.963448
0.000010 0.000010 0.000010 0.000010 0.000010 0.104155 0.895795
0.000010 0.000010 0.000010 0.000010 0.000010 0.101826 0.898124
0.000010 0.000010 0.000010 0.367043 0.000010 0.000010 0.632907
0.000010 0.000010 0.000010 0.000010 0.000010 0.999940 0.000010
0.000010 0.000010 0.000010 0.000010 0.000010 0.741146 0.258804
0.000010 0.595784 0.000010 0.000010 0.000010 0.000010 0.404166
0.000010 0.000010 0.000010 0.357710 0.000010 0.000010 0.642240
0.000010 0.095023 0.013302 0.321292 0.000010 0.000010 0.570353
0.698394 0.000010 0.032000 0.000010 0.000010 0.000010 0.269566
0.000010 0.000010 0.000010 0.000010 0.000010 0.807459 0.192491
0.626697 0.000010 0.000010 0.000010 0.000010 0.000010 0.373253
0.000010 0.511474 0.000010 0.000010 0.000010 0.000010 0.488476
0.000010 0.000010 0.000010 0.000010 0.000010 0.000010 0.999940
0.000010 0.000010 0.000010 0.000010 0.000010 0.000010 0.999940
0.566461 0.000010 0.000010 0.000010 0.000010 0.000010 0.433489
0.000010 0.000010 0.000010 0.000010 0.999940 0.000010 0.000010
0.000010 0.000010 0.000010 0.000010 0.000010 0.430026 0.569924
0.000010 0.000010 0.000015 0.000010 0.999935 0.000010 0.000010
0.342489 0.000010 0.000010 0.000010 0.000010 0.000010 0.657461
0.000010 0.000010 0.000010 0.000010 0.999940 0.000010 0.000010
0.000010 0.000010 0.000010 0.000010 0.999940 0.000010 0.000010
0.000010 0.000010 0.008003 0.000010 0.000010 0.000010 0.991947
0.000010 0.000010 0.000010 0.029741 0.000010 0.114412 0.855807
0.000010 0.000010 0.000010 0.000010 0.000010 0.675383 0.324567
0.000010 0.000010 0.000010 0.000010 0.338229 0.000010 0.661721
0.000010 0.000010 0.000010 0.000010 0.730830 0.000010 0.269120
0.999940 0.000010 0.000010 0.000010 0.000010 0.000010 0.000010
0.000010 0.461730 0.000010 0.000010 0.000010 0.000010 0.538220
0.498296 0.000010 0.000010 0.000010 0.000010 0.000010 0.501654
0.000010 0.000010 0.000010 0.000010 0.000010 0.000010 0.999940
0.000010 0.000010 0.000010 0.000010 0.000010 0.747560 0.252390
0.000010 0.999940 0.000010 0.000010 0.000010 0.000010 0.000010
0.000010 0.000010 0.000010 0.000010 0.999940 0.000010 0.000010
0.515987 0.000010 0.004649 0.000010 0.000010 0.000010 0.479324
0.000020 0.000010 0.000010 0.000010 0.000010 0.224913 0.775027
0.000010 0.000010 0.000010 0.000010 0.000010 0.000010 0.999940
0.000010 0.000010 0.000010 0.000010 0.000010 0.999940 0.000010
0.000010 0.000017 0.000010 0.000010 0.000010 0.000010 0.999933
0.000010 0.999940 0.000010 0.000010 0.000010 0.000010 0.000010
0.000010 0.119893 0.005724 0.000010 0.000010 0.121305 0.753048
0.000010 0.000010 0.000010 0.031493 0.358633 0.000010 0.609834
0.000010 0.000010 0.000010 0.000010 0.000010 0.000010 0.999940
0.000010 0.000010 0.000010 0.000010 0.503899 0.000010 0.496051
0.000010 0.765238 0.000010 0.000010 0.000010 0.000010 0.234712
0.123087 0.000010 0.000010 0.000010 0.000010 0.000010 0.876863
0.000010 0.000010 0.000010 0.000010 0.000010 0.000010 0.999940
0.000010 0.000010 0.000010 0.000010 0.154306 0.000010 0.845644
0.000010 0.000010 0.000010 0.000010 0.000010 0.736046 0.263904
0.000010 0.000010 0.000010 0.000010 0.665883 0.000010 0.334067
0.000010 0.857375 0.000010 0.000010 0.000010 0.000010 0.142575
0.000010 0.000010 0.000010 0.000010 0.000010 0.101775 0.898175
0.323162 0.000010 0.000010 0.000010 0.000010 0.000010 0.676788
0.000010 0.479855 0.000010 0.000010 0.000010 0.000010 0.520095
0.000010 0.000010 0.000010 0.000010 0.000010 0.741404 0.258546
0.000010 0.000010 0.000010 0.000010 0.764302 0.000010 0.235648
0.000010 0.000010 0.000010 0.000010 0.000010 0.999940 0.000010
0.238512 0.000010 0.053434 0.000010 0.000010 0.000010 0.708014
0.000010 0.000010 0.000010 0.000010 0.421040 0.000010 0.578910
0.262721 0.000010 0.000010 0.000010 0.000010 0.000010 0.737229
0.999940 0.000010 0.000010 0.000010 0.000010 0.000010 0.000010
0.347023 0.562050 0.000010 0.000010 0.000010 0.000010 0.090888
0.000010 0.429206 0.000010 0.000010 0.000010 0.000010 0.570744
0.000010 0.000010 0.000010 0.072996 0.000010 0.249042 0.677922
0.000010 0.000010 0.000010 0.295997 0.000010 0.000010 0.703953
0.000012 0.983285 0.000010 0.000010 0.000010 0.000010 0.016663
0.291065 0.000010 0.000010 0.000010 0.000010 0.000010 0.708885
0.000010 0.000010 0.000010 0.000010 0.000010 0.000010 0.999940
0.121314 0.000010 0.000010 0.000010 0.000010 0.000010 0.878636
0.000010 0.691846 0.000010 0.000010 0.000010 0.000010 0.308104
0.000010 0.610963 0.028602 0.000010 0.000010 0.000010 0.360395
0.000010 0.000010 0.019288 0.000010 0.138146 0.000010 0.842525
0.999940 0.000010 0.000010 0.000010 0.000010 0.000010 0.000010
0.000010 0.000010 0.000010 0.000010 0.000010 0.950383 0.049567
0.000010 0.000010 0.000010 0.000010 0.000010 0.571052 0.428898
0.000010 0.000010 0.000010 0.000010 0.000010 0.090034 0.909916
0.000010 0.000010 0.000010 0.000010 0.000010 0.000010 0.999940
0.387524 0.000010 0.030493 0.000010 0.000010 0.000010 0.581943
0.000010 0.000010 0.000010 0.383737 0.000010 0.000010 0.616213
0.000010 0.000010 0.000010 0.000010 0.000010 0.499423 0.500527
0.253807 0.000010 0.000010 0.100596 0.000010 0.000010 0.645556
0.000010 0.000010 0.000010 0.000010 0.000010 0.950548 0.049402
0.000010 0.000010 0.000010 0.000010 0.000010 0.999940 0.000010
0.000010 0.000010 0.000010 0.000010 0.000010 0.096874 0.903076
0.000010 0.136652 0.000010 0.000010 0.000010 0.000010 0.863298
0.000010 0.000010 0.000010 0.000010 0.618960 0.000010 0.380990
0.000010 0.959857 0.040093 0.000010 0.000010 0.000010 0.000010
0.000010 0.215593 0.000010 0.000010 0.000010 0.000010 0.784357
0.000010 0.946830 0.000010 0.000016 0.000010 0.000010 0.053114
0.487834 0.000010 0.000010 0.000010 0.000010 0.000010 0.512116
0.000010 0.000010 0.000010 0.000010 0.999940 0.000010 0.000010
0.999940 0.000010 0.000010 0.000010 0.000010 0.000010 0.000010
0.628189 0.000010 0.000010 0.000010 0.000010 0.000010 0.371761
0.000010 0.000010 0.000010 0.000010 0.582742 0.000010 0.417208
0.000010 0.283218 0.000010 0.000010 0.000010 0.000010 0.716732
0.000010 0.816179 0.000010 0.000010 0.000010 0.000010 0.183771
0.000010 0.312139 0.000010 0.048631 0.000010 0.000010 0.639191
0.000010 0.000010 0.000010 0.000010 0.574895 0.000010 0.425055
0.000010 0.472929 0.000010 0.000010 0.000010 0.000010 0.527021
0.000010 0.886102 0.000010 0.000010 0.000010 0.000010 0.113848
0.000010 0.973212 0.026738 0.000010 0.000010 0.000010 0.000010
0.000317 0.000010 0.000010 0.000010 0.000010 0.000010 0.999633
0.000010 0.000010 0.000010 0.000010 0.339067 0.000010 0.660883
0.000010 0.725187 0.000010 0.000010 0.000010 0.000010 0.274763
0.000010 0.000010 0.000010 0.467329 0.000010 0.000010 0.532621
0.000010 0.999940 0.000010 0.000010 0.000010 0.000010 0.000010
0.000010 0.000010 0.000010 0.000010 0.000010 0.530751 0.469199
0.519263 0.000010 0.000010 0.000010 0.000010 0.000010 0.480687
0.085745 0.095269 0.000010 0.000010 0.000010 0.000010 0.818946
0.000010 0.000010 0.000010 0.000010 0.427513 0.000010 0.572437
0.000010 0.000010 0.000010 0.000010 0.999940 0.000010 0.000010
0.000010 0.000010 0.000010 0.492684 0.260483 0.000010 0.246794
0.546639 0.000010 0.000010 0.000010 0.000010 0.000010 0.453311
0.000010 0.000010 0.000010 0.000010 0.000010 0.629323 0.370627
0.505101 0.000010 0.000010 0.000010 0.000010 0.000010 0.494849
0.000010 0.000010 0.000010 0.000010 0.576980 0.000010 0.422970
0.000010 0.148661 0.019325 0.019914 0.000010 0.000010 0.812070
0.551026 0.000010 0.000010 0.000010 0.000010 0.000010 0.448924
0.000010 0.485775 0.000010 0.000010 0.000010 0.000010 0.514175
0.900226 0.000010 0.000010 0.000010 0.000010 0.000010 0.099724
0.000010 0.000010 0.000010 0.000010 0.000010 0.277212 0.722738
0.000010 0.000010 0.024065 0.000010 0.975885 0.000010 0.000010
0.000010 0.805892 0.000010 0.000010 0.000010 0.000010 0.194058
0.000010 0.000010 0.000010 0.000010 0.999940 0.000010 0.000010
0.000010 0.355143 0.000010 0.000010 0.000010 0.000010 0.644807
0.000010 0.000010 0.000010 0.000010 0.000010 0.668330 0.331620
0.000010 0.000010 0.000010 0.000010 0.000010 0.999940 0.000010
0.000010 0.000010 0.000010 0.000010 0.379103 0.000010 0.620847
0.528436 0.000010 0.000010 0.000010 0.000010 0.000010 0.471514
0.000010 0.000010 0.000010 0.000010 0.354009 0.000010 0.645941
0.000010 0.441511 0.000010 0.000010 0.000010 0.000010 0.558439
0.474182 0.000010 0.000010 0.000010 0.000010 0.000010 0.525768
0.000010 0.624311 0.000010 0.000010 0.000010 0.000010 0.375639
0.999940 0.000010 0.000010 0.000010 0.000010 0.000010 0.000010
0.757735 0.000010 0.030575 0.000010 0.000010 0.000010 0.211650
0.999940 0.000010 0.000010 0.000010 0.000010 0.000010 0.000010
0.000010 0.000010 0.027035 0.000010 0.621935 0.000010 0.350990
0.000010 0.000010 0.000011 0.361711 0.000010 0.000010 0.638238
0.000010 0.000010 0.000010 0.000010 0.000010 0.299835 0.700115
0.455282 0.000010 0.000010 0.000010 0.000010 0.000010 0.544668
0.000010 0.000010 0.000010 0.000010 0.124897 0.000010 0.875053
0.000010 0.000010 0.037602 0.000010 0.000010 0.836290 0.126068
0.000010 0.000010 0.000010 0.000010 0.634527 0.000010 0.365423
0.000010 0.000010 0.000010 0.000010 0.000010 0.665038 0.334912
0.000010 0.000010 0.000010 0.000010 0.000010 0.302402 0.697548
0.000010 0.000010 0.000010 0.000010 0.000010 0.365613 0.634337
0.000010 0.000010 0.000010 0.000010 0.000010 0.397231 0.602719
0.000010 0.000010 0.000010 0.000010 0.000010 0.999940 0.000010
0.473127 0.000010 0.000010 0.000010 0.000010 0.000010 0.526823
0.000010 0.000010 0.000010 0.000010 0.786251 0.000010 0.213699
0.000010 0.999940 0.000010 0.000010 0.000010 0.000010 0.000010
0.968047 0.000010 0.000010 0.000010 0.000010 0.000010 0.031903
0.000010 0.000010 0.000010 0.000010 0.810559 0.000010 0.189391
0.628356 0.000010 0.000010 0.000010 0.000010 0.000010 0.371594
0.210260 0.000010 0.000010 0.000010 0.250934 0.000010 0.538765
0.000010 0.000010 0.000010 0.000010 0.000010 0.112442 0.887508
0.000010 0.000010 0.000010 0.000010 0.428261 0.000010 0.571689
0.766149 0.000010 0.000010 0.000010 0.000010 0.000010 0.233801
0.408183 0.000010 0.000010 0.000010 0.000010 0.000010 0.591767
0.564145 0.000010 0.000010 0.000010 0.000010 0.000010 0.435805
0.537640 0.000010 0.000010 0.000010 0.000010 0.000010 0.462310
0.000010 0.999940 0.000010 0.000010 0.000010 0.000010 0.000010
0.000010 0.000010 0.000010 0.000010 0.000010 0.000010 0.999940
0.000010 0.000010 0.000010 0.000010 0.869628 0.000010 0.130322
0.841463 0.000010 0.000012 0.000010 0.000010 0.000010 0.158485
0.000010 0.999940 0.000010 0.000010 0.000010 0.000010 0.000010
0.999940 0.000010 0.000010 0.000010 0.000010 0.000010 0.000010
0.754601 0.000010 0.000010 0.000010 0.000010 0.000010 0.245349
0.000010 0.241886 0.000010 0.000010 0.000010 0.294212 0.463863
0.976656 0.000010 0.023294 0.000010 0.000010 0.000010 0.000010
0.000010 0.000010 0.000010 0.000010 0.633724 0.000010 0.366226
0.637996 0.000010 0.000010 0.000010 0.000010 0.000010 0.361954
0.701988 0.000010 0.022605 0.000010 0.000010 0.000010 0.275368
0.000010 0.596071 0.000010 0.000010 0.000010 0.000010 0.403879
0.000010 0.836306 0.000010 0.000010 0.000010 0.000010 0.163644
0.000010 0.000010 0.000010 0.000010 0.350715 0.358845 0.290400
0.000010 0.107141 0.000010 0.000010 0.131408 0.000010 0.761411
0.509234 0.000010 0.000010 0.000010 0.000010 0.000010 0.490716
0.440031 0.000010 0.000010 0.000010 0.000010 0.000010 0.559919
0.000010 0.000010 0.000010 0.000010 0.600876 0.000010 0.399074
0.000010 0.000010 0.043395 0.000010 0.000010 0.956555 0.000010
0.000010 0.962858 0.000010 0.000010 0.000010 0.000010 0.037092
0.000010 0.166243 0.000010 0.241815 0.000010 0.000010 0.591902
0.000010 0.847005 0.040618 0.000010 0.000010 0.000010 0.112337
0.436838 0.000010 0.000010 0.000010 0.000010 0.000010 0.563112
0.000010 0.597979 0.000010 0.000010 0.000010 0.000010 0.401971
0.578734 0.000010 0.000010 0.000010 0.000010 0.000010 0.421216
0.000010 0.999938 0.000012 0.000010 0.000010 0.000010 0.000010
0.572071 0.427879 0.000010 0.000010 0.000010 0.000010 0.000010
0.000010 0.332180 0.027862 0.000010 0.000010 0.000010 0.639918
0.000010 0.000010 0.000010 0.241188 0.000010 0.129148 0.629623
0.000010 0.155129 0.000010 0.000010 0.290605 0.000010 0.554226
0.000010 0.000010 0.000010 0.000010 0.000010 0.576890 0.423060
0.000010 0.000010 0.000010 0.000010 0.409851 0.000010 0.590099
0.000010 0.000010 0.032609 0.501721 0.000010 0.000010 0.465630
0.000010 0.269604 0.000010 0.000010 0.000010 0.000010 0.730346
0.000010 0.000010 0.000010 0.000010 0.000010 0.999940 0.000010
0.000010 0.353181 0.000010 0.000010 0.000010 0.000010 0.646769
0.000010 0.000010 0.000010 0.000010 0.000010 0.766384 0.233566
0.377709 0.000010 0.045440 0.000010 0.000010 0.505106 0.071715
0.000010 0.000010 0.000010 0.000010 0.000010 0.999940 0.000010
0.000010 0.159303 0.000010 0.000010 0.000010 0.000010 0.840647
0.000010 0.000010 0.021003 0.000010 0.374594 0.000010 0.604363
0.000010 0.670453 0.000010 0.000010 0.000010 0.000010 0.329497
0.000010 0.616922 0.000010 0.000010 0.000010 0.000010 0.383028
0.000010 0.515565 0.065097 0.000010 0.000010 0.000010 0.419298
0.000010 0.166721 0.021076 0.000010 0.000010 0.000010 0.812163
0.000010 0.999940 0.000010 0.000010 0.000010 0.000010 0.000010
0.000010 0.000010 0.000010 0.000010 0.000010 0.481397 0.518553
0.999940 0.000010 0.000010 0.000010 0.000010 0.000010 0.000010
0.000010 0.889097 0.000010 0.000013 0.000010 0.000010 0.110850
0.000010 0.999940 0.000010 0.000010 0.000010 0.000010 0.000010
0.000010 0.000010 0.000010 0.000010 0.000010 0.785261 0.214689
0.487810 0.000010 0.000010 0.000010 0.000010 0.000010 0.512140
0.000010 0.000010 0.000010 0.000010 0.456656 0.000010 0.543294
0.999940 0.000010 0.000010 0.000010 0.000010 0.000010 0.000010
0.000010 0.000010 0.000010 0.000010 0.454926 0.000010 0.545024
0.166761 0.000010 0.000010 0.000010 0.000010 0.000010 0.833189
0.000010 0.000010 0.000010 0.000018 0.320922 0.000010 0.679020
0.000010 0.000010 0.000010 0.000010 0.999940 0.000010 0.000010
0.999940 0.000010 0.000010 0.000010 0.000010 0.000010 0.000010
0.000010 0.000010 0.095881 0.000010 0.000010 0.519946 0.384133
0.526477 0.000010 0.000010 0.000010 0.000010 0.000010 0.473473
0.000010 0.000010 0.000010 0.000010 0.763249 0.000010 0.236701
0.619038 0.000010 0.000010 0.000010 0.000010 0.000010 0.380912
0.999940 0.000010 0.000010 0.000010 0.000010 0.000010 0.000010
0.000010 0.737982 0.036811 0.000010 0.000010 0.000010 0.225167
0.000010 0.999940 0.000010 0.000010 0.000010 0.000010 0.000010
0.999940 0.000010 0.000010 0.000010 0.000010 0.000010 0.000010
0.000010 0.000010 0.000010 0.000010 0.373206 0.000010 0.626744
0.000010 0.442989 0.052258 0.000010 0.000012 0.000010 0.504711
0.570146 0.000010 0.000010 0.000010 0.000010 0.000010 0.429804
0.000010 0.000010 0.000010 0.000010 0.971364 0.000010 0.028586
0.609154 0.000010 0.000010 0.000010 0.000010 0.000010 0.390796
0.000010 0.999940 0.000010 0.000010 0.000010 0.000010 0.000010
0.000010 0.000010 0.513029 0.000010 0.000010 0.373067 0.113865
0.000010 0.728741 0.000010 0.000010 0.000010 0.000010 0.271209
0.000010 0.000010 0.000010 0.000010 0.809122 0.000010 0.190828
0.000010 0.000010 0.000010 0.000010 0.000010 0.143368 0.856582
0.000010 0.000010 0.575300 0.000010 0.000010 0.274129 0.150531
0.000010 0.999940 0.000010 0.000010 0.000010 0.000010 0.000010
0.000010 0.999940 0.000010 0.000010 0.000010 0.000010 0.000010
0.000010 0.000010 0.000010 0.000010 0.331128 0.000010 0.668822
0.000010 0.000010 0.000010 0.391467 0.000010 0.000010 0.608483
0.000010 0.000010 0.000010 0.000010 0.285743 0.000010 0.714207
0.000010 0.000010 0.000010 0.000010 0.000010 0.999940 0.000010
0.000010 0.999940 0.000010 0.000010 0.000010 0.000010 0.000010
0.000010 0.999940 0.000010 0.000010 0.000010 0.000010 0.000010
0.362386 0.000010 0.000010 0.000010 0.000010 0.000010 0.637564
0.000010 0.143329 0.000010 0.000010 0.000010 0.000010 0.856621
0.000010 0.000010 0.000010 0.000010 0.000010 0.000010 0.999940
0.000010 0.000010 0.073999 0.000010 0.861023 0.000010 0.064939
0.000010 0.000010 0.000010 0.000010 0.750999 0.000010 0.248951
0.000010 0.319303 0.027820 0.000010 0.000010 0.000010 0.652837
0.115807 0.000010 0.000010 0.000010 0.000010 0.124509 0.759645
0.000010 0.515951 0.000010 0.000010 0.000010 0.000010 0.483999
0.000010 0.681314 0.000010 0.000010 0.000010 0.000010 0.318636
0.000010 0.000010 0.000010 0.000010 0.972241 0.000010 0.027709
0.000010 0.000010 0.000010 0.000010 0.000010 0.481948 0.518002
0.000010 0.752337 0.033919 0.000010 0.000010 0.000010 0.213704
0.000010 0.599526 0.000010 0.000010 0.000010 0.000010 0.400424
0.463648 0.000010 0.000010 0.000010 0.000010 0.000010 0.536302
0.000010 0.000010 0.000010 0.000010 0.000010 0.000010 0.999940
0.000010 0.000010 0.000010 0.000010 0.853971 0.000010 0.145979
0.000010 0.000010 0.000010 0.000010 0.999940 0.000010 0.000010
0.306120 0.587391 0.000010 0.000010 0.000010 0.000010 0.106449
0.264416 0.451315 0.000010 0.000010 0.000010 0.000010 0.284229
0.000010 0.000010 0.000010 0.000010 0.000010 0.999940 0.000010
0.000010 0.000010 0.000010 0.000010 0.000010 0.486309 0.513641
0.000010 0.669410 0.000010 0.000010 0.000010 0.000010 0.330540
0.000010 0.139468 0.000010 0.021590 0.000010 0.000010 0.838902
0.000010 0.000010 0.000010 0.000010 0.000010 0.886694 0.113256
0.845991 0.000010 0.000010 0.000010 0.000010 0.000010 0.153959
0.339083 0.000010 0.016917 0.000010 0.000010 0.440670 0.203300
0.869090 0.000010 0.000010 0.000010 0.000010 0.000010 0.130860
0.000010 0.000010 0.000010 0.000010 0.426458 0.000010 0.573492
0.000010 0.687103 0.000010 0.000010 0.000010 0.000010 0.312847
0.000010 0.656642 0.000010 0.000010 0.000010 0.000010 0.343308
0.999940 0.000010 0.000010 0.000010 0.000010 0.000010 0.000010
0.000010 0.558676 0.000010 0.000010 0.000010 0.000010 0.441274
0.986210 0.000010 0.000010 0.000010 0.000010 0.000010 0.013740
0.415144 0.000010 0.000010 0.000010 0.000010 0.000010 0.584806
0.000010 0.999940 0.000010 0.000010 0.000010 0.000010 0.000010
0.000010 0.000010 0.000010 0.000010 0.000010 0.952375 0.047575
0.000010 0.000010 0.000010 0.000010 0.913467 0.000010 0.086483
0.999939 0.000010 0.000011 0.000010 0.000010 0.000010 0.000010
0.000010 0.302562 0.000010 0.000010 0.000010 0.000010 0.697388
0.000010 0.000010 0.000010 0.000010 0.956081 0.000010 0.043869
0.000010 0.000010 0.000010 0.000010 0.962281 0.000010 0.037669
0.000010 0.735438 0.006941 0.000010 0.000010 0.000010 0.257581
0.999932 0.000010 0.000010 0.000010 0.000018 0.000010 0.000010
0.000010 0.000010 0.000010 0.000010 0.999940 0.000010 0.000010
0.668814 0.000010 0.000010 0.000010 0.000010 0.331136 0.000010
0.000010 0.600433 0.000010 0.000010 0.000010 0.000010 0.399517
0.000010 0.901736 0.000010 0.000010 0.000010 0.000010 0.098214
0.000010 0.545533 0.000010 0.000010 0.000010 0.000010 0.454417
0.000010 0.000010 0.485360 0.000010 0.345364 0.000010 0.169236
0.000010 0.000010 0.000010 0.000010 0.000010 0.873608 0.126342
0.000010 0.000010 0.000010 0.000010 0.000010 0.999940 0.000010
0.000010 0.922175 0.000010 0.000010 0.000010 0.000010 0.077775
0.000010 0.000010 0.000010 0.000010 0.000010 0.999940 0.000010
0.000010 0.000010 0.000010 0.000010 0.000010 0.999940 0.000010
0.548691 0.000010 0.000010 0.000010 0.000010 0.000010 0.451259
0.000010 0.564666 0.032534 0.000010 0.000010 0.000010 0.402760
0.000010 0.000010 0.000010 0.000010 0.589671 0.000010 0.410279
0.000010 0.000010 0.025390 0.000010 0.974560 0.000010 0.000010
0.000010 0.831095 0.000010 0.000010 0.000010 0.000010 0.168855
0.000010 0.206405 0.000010 0.000010 0.117339 0.000010 0.676215
0.000010 0.000010 0.000010 0.000010 0.999940 0.000010 0.000010
0.000010 0.000010 0.003707 0.000010 0.000010 0.560427 0.435827
0.000010 0.000010 0.000010 0.000010 0.536011 0.000010 0.463939
0.655412 0.000010 0.000010 0.000010 0.000010 0.000010 0.344538
0.000010 0.000010 0.000010 0.000010 0.426457 0.000010 0.573493
0.000010 0.744627 0.000010 0.000010 0.000010 0.000010 0.255323
0.416547 0.000010 0.000010 0.000010 0.000010 0.000010 0.583403
0.321471 0.000019 0.000010 0.000010 0.000010 0.000010 0.678470
0.000010 0.000010 0.000010 0.793686 0.000010 0.000010 0.206264
0.000010 0.000010 0.000010 0.480179 0.000010 0.000010 0.519771
0.000010 0.000010 0.000010 0.000010 0.000010 0.549961 0.449989
0.000010 0.950421 0.000010 0.000010 0.000010 0.000010 0.049529
0.000010 0.995142 0.000010 0.000010 0.000010 0.000010 0.004808
0.000010 0.000010 0.000010 0.000010 0.999940 0.000010 0.000010
0.000010 0.000010 0.000010 0.000010 0.000010 0.999940 0.000010
0.000010 0.000010 0.000010 0.000010 0.000010 0.902731 0.097219
0.000010 0.914901 0.000010 0.000010 0.000010 0.000010 0.085049
0.000010 0.382705 0.000010 0.000010 0.000010 0.000010 0.617245
0.000010 0.000010 0.000010 0.000010 0.000010 0.683842 0.316108
0.000010 0.000010 0.000010 0.000010 0.000010 0.000010 0.999940
0.846533 0.000010 0.000010 0.000010 0.000010 0.000010 0.153417
0.735433 0.000010 0.000010 0.000010 0.000010 0.000010 0.264517
0.000010 0.000010 0.000010 0.000010 0.000010 0.710245 0.289705
0.000010 0.644451 0.000010 0.000010 0.000010 0.000010 0.355499
0.000010 0.999940 0.000010 0.000010 0.000010 0.000010 0.000010
0.999940 0.000010 0.000010 0.000010 0.000010 0.000010 0.000010
0.000010 0.000010 0.000010 0.000010 0.000010 0.682784 0.317166
0.000010 0.000010 0.000010 0.000010 0.999940 0.000010 0.000010
0.000010 0.000010 0.000010 0.000010 0.999940 0.000010 0.000010
0.000010 0.000010 0.000010 0.000010 0.701953 0.000010 0.297997
0.000010 0.000010 0.000010 0.000010 0.000010 0.218558 0.781392
0.000010 0.000010 0.000010 0.000010 0.846511 0.000010 0.153439
0.999940 0.000010 0.000010 0.000010 0.000010 0.000010 0.000010
0.000010 0.000010 0.000010 0.000010 0.000010 0.588003 0.411947
0.000010 0.000010 0.000010 0.000010 0.000010 0.848121 0.151829
0.000010 0.000010 0.000010 0.000010 0.139886 0.113117 0.746957
0.000010 0.000010 0.000010 0.000010 0.999940 0.000010 0.000010
0.579733 0.000010 0.000010 0.000010 0.000010 0.000010 0.420217
0.000010 0.000010 0.000010 0.000010 0.000010 0.000010 0.999940
0.000010 0.000010 0.000010 0.000010 0.000010 0.999940 0.000010
0.000010 0.000010 0.000010 0.000010 0.000010 0.000010 0.999940
0.000010 0.000010 0.000010 0.853087 0.000010 0.000010 0.146863
0.000010 0.542460 0.000010 0.000010 0.000010 0.000010 0.457490
0.000010 0.000010 0.000010 0.000010 0.000010 0.959980 0.039970
0.000010 0.896140 0.000010 0.000010 0.000010 0.000010 0.103810
0.000010 0.275187 0.007081 0.000010 0.000010 0.000010 0.717692
0.000010 0.424421 0.000010 0.000010 0.000010 0.000010 0.575529
0.474352 0.000010 0.000010 0.000010 0.000010 0.000010 0.525598
0.000010 0.000010 0.000010 0.000012 0.882436 0.000010 0.117512
0.000010 0.000010 0.000010 0.000010 0.000010 0.294700 0.705250
0.000010 0.000010 0.000010 0.000010 0.000010 0.000010 0.999940
0.000010 0.511226 0.000010 0.000010 0.488724 0.000010 0.000010
0.000010 0.000010 0.000010 0.000010 0.645722 0.000010 0.354228
0.000010 0.000010 0.000010 0.000010 0.999940 0.000010 0.000010
0.000010 0.307981 0.072341 0.000010 0.000010 0.000010 0.619638
0.000010 0.000010 0.000010 0.000010 0.999940 0.000010 0.000010
0.000010 0.596333 0.000010 0.000010 0.000010 0.000010 0.403617
0.000010 0.000010 0.000010 0.000010 0.722818 0.000010 0.277132
0.696359 0.000010 0.000010 0.000010 0.000010 0.000010 0.303591
0.000010 0.999940 0.000010 0.000010 0.000010 0.000010 0.000010
0.000010 0.760369 0.000010 0.000010 0.000010 0.000010 0.239581
0.999940 0.000010 0.000010 0.000010 0.000010 0.000010 0.000010
0.000010 0.000010 0.000010 0.000010 0.999940 0.000010 0.000010
0.000010 0.000010 0.000010 0.000010 0.000010 0.999940 0.000010
0.000010 0.000010 0.000010 0.000010 0.000010 0.000010 0.999940
0.000010 0.000010 0.000010 0.000010 0.000010 0.000010 0.999940
0.000010 0.178453 0.000010 0.000010 0.000010 0.000010 0.821497
0.000010 0.000010 0.000010 0.000010 0.999940 0.000010 0.000010
0.000010 0.000010 0.000010 0.000010 0.000010 0.519460 0.480490
0.000010 0.000010 0.000010 0.000010 0.654380 0.000010 0.345570
0.000010 0.289413 0.000010 0.000010 0.180293 0.000010 0.530254
0.000010 0.999940 0.000010 0.000010 0.000010 0.000010 0.000010
0.000010 0.000010 0.011293 0.000010 0.000010 0.674081 0.314586
0.000010 0.000010 0.000010 0.000010 0.000010 0.960910 0.039040
0.000010 0.000010 0.000010 0.000010 0.000010 0.829946 0.170004
0.000010 0.000010 0.000010 0.000010 0.000010 0.934021 0.065929
0.000010 0.000010 0.000010 0.000010 0.000010 0.000010 0.999940
0.000010 0.000010 0.000010 0.000010 0.999940 0.000010 0.000010
0.000010 0.000010 0.000010 0.000010 0.999940 0.000010 0.000010
0.000010 0.000010 0.000010 0.000010 0.426969 0.000010 0.572981
0.000010 0.000010 0.000010 0.000010 0.000010 0.000010 0.999940
0.000010 0.947665 0.052285 0.000010 0.000010 0.000010 0.000010
0.000010 0.000010 0.000010 0.000010 0.000010 0.000010 0.999940
0.000010 0.913963 0.000010 0.000010 0.000010 0.000010 0.085987
0.000010 0.528851 0.000010 0.000010 0.389452 0.000010 0.081657
0.999940 0.000010 0.000010 0.000010 0.000010 0.000010 0.000010
0.000010 0.000010 0.000010 0.000010 0.000010 0.992138 0.007812
0.000010 0.000010 0.000010 0.000010 0.000010 0.999940 0.000010
0.999940 0.000010 0.000010 0.000010 0.000010 0.000010 0.000010
