0.000010 0.000010 0.000010 0.999970
0.000010 0.442457 0.011009 0.546523
0.000010 0.834382 0.000010 0.165598
0.000010 0.309863 0.000010 0.690117
0.000010 0.122813 0.065755 0.811422
0.000010 0.000010 0.001529 0.998451
0.000010 0.296783 0.000010 0.703197
0.403132 0.000010 0.000010 0.596848
0.000010 0.572794 0.000010 0.427186
0.000010 0.616177 0.000010 0.383803
0.000010 0.342785 0.030072 0.627132
0.000010 0.384228 0.000010 0.615752
0.000010 0.812855 0.000010 0.187125
0.000010 0.000016 0.000010 0.999964
0.000010 0.782211 0.000010 0.217769
0.000010 0.004293 0.000010 0.995687
0.000010 0.083098 0.064147 0.852745
0.000010 0.999970 0.000010 0.000010
0.000010 0.630815 0.000010 0.369165
0.000010 0.563234 0.000010 0.436746
0.000010 0.000010 0.038724 0.961256
0.000010 0.431371 0.000010 0.568609
0.000010 0.092182 0.000010 0.907798
0.000010 0.154841 0.000010 0.845139
0.000010 0.297360 0.000010 0.702620
0.000010 0.382044 0.000010 0.617936
0.000010 0.219818 0.000010 0.780162
0.000010 0.999970 0.000010 0.000010
0.000010 0.284880 0.000010 0.715100
0.000010 0.332363 0.000010 0.667617
0.000010 0.853527 0.000010 0.146453
0.000010 0.181615 0.000010 0.818365
0.000010 0.354746 0.060994 0.584250
0.000010 0.243040 0.000010 0.756940
0.000010 0.929976 0.000010 0.070004
0.000010 0.561027 0.000010 0.438953
0.000010 0.966390 0.033590 0.000010
0.000010 0.131503 0.000010 0.868477
0.000010 0.186495 0.000010 0.813485
0.000010 0.451043 0.000010 0.548937
0.000010 0.074334 0.000010 0.925646
0.000010 0.999970 0.000010 0.000010
0.000010 0.330869 0.000010 0.669111
0.000010 0.536733 0.081252 0.382005
0.000010 0.999970 0.000010 0.000010
0.000010 0.255309 0.032820 0.711861
0.000010 0.450904 0.000010 0.549076
0.000010 0.198426 0.000010 0.801554
0.000010 0.399700 0.066520 0.533769
0.000010 0.439860 0.000010 0.560120
0.000010 0.272130 0.000010 0.727850
0.000010 0.147133 0.000010 0.852847
0.000010 0.543866 0.000010 0.456114
0.000010 0.264222 0.009417 0.726351
0.000010 0.999970 0.000010 0.000010
0.000010 0.147662 0.000010 0.852318
0.000010 0.971188 0.000010 0.028792
0.000010 0.000010 0.000010 0.999970
0.000010 0.352944 0.000010 0.647036
0.000010 0.298569 0.000010 0.701411
0.000010 0.289736 0.117949 0.592306
0.000010 0.228774 0.000010 0.771206
0.000010 0.712532 0.000010 0.287448
0.000010 0.223344 0.000010 0.776636
0.000010 0.174867 0.000010 0.825113
0.000010 0.086648 0.000010 0.913332
0.000010 0.366765 0.000010 0.633215
0.001672 0.294940 0.000010 0.703378
0.000010 0.713346 0.000010 0.286634
0.000010 0.652165 0.000010 0.347815
0.000010 0.233459 0.000010 0.766521
0.000010 0.309622 0.000010 0.690358
0.000010 0.620163 0.000010 0.379817
0.000010 0.582499 0.000010 0.417481
0.000010 0.348364 0.000010 0.651616
0.000010 0.458791 0.000010 0.541189
0.000010 0.999970 0.000010 0.000010
0.000010 0.388015 0.000010 0.611965
0.000010 0.341110 0.000010 0.658870
0.000010 0.835419 0.000010 0.164561
0.000010 0.981324 0.000010 0.018656
0.000010 0.999970 0.000010 0.000010
0.000010 0.669363 0.000010 0.330617
0.000010 0.845417 0.000010 0.154563
0.000010 0.000010 0.000010 0.999970
0.000010 0.199446 0.000010 0.800534
0.000010 0.096107 0.000010 0.903873
0.000010 0.000010 0.054847 0.945133
0.000010 0.528016 0.000010 0.471964
0.000010 0.857155 0.000010 0.142825
0.000010 0.494116 0.009948 0.495926
0.000010 0.196874 0.000010 0.803106
0.000010 0.203306 0.000010 0.796674
0.000010 0.238929 0.000010 0.761051
0.000010 0.681655 0.000010 0.318325
0.000010 0.948797 0.051183 0.000010
0.000010 0.372661 0.056680 0.570650
0.000010 0.206599 0.000010 0.793381
0.000010 0.586111 0.000010 0.413869
0.000010 0.785540 0.000010 0.214440
0.000010 0.586462 0.000010 0.413518
0.000010 0.435024 0.036408 0.528559
0.000010 0.292382 0.000010 0.707598
0.000010 0.384378 0.000010 0.615602
0.000010 0.556272 0.000010 0.443708
0.000010 0.676249 0.000010 0.323731
0.000010 0.365276 0.000010 0.634704
0.000010 0.999970 0.000010 0.000010
0.000010 0.175924 0.000010 0.824056
0.000010 0.441845 0.000010 0.558135
0.000010 0.466881 0.000010 0.533099
0.000010 0.388906 0.000010 0.611074
0.000010 0.439130 0.000010 0.560850
0.000010 0.000010 0.000010 0.999970
0.000010 0.780999 0.000010 0.218981
0.000010 0.434500 0.031059 0.534431
0.000010 0.000010 0.000010 0.999970
0.000010 0.780797 0.089341 0.129852
0.000010 0.313509 0.000010 0.686471
0.000010 0.505947 0.258639 0.235403
0.000010 0.253524 0.000010 0.746456
0.000010 0.099503 0.000010 0.900477
0.000010 0.417386 0.000010 0.582594
0.000010 0.782584 0.038290 0.179115
0.000010 0.828910 0.000010 0.171070
0.000010 0.442647 0.000010 0.557333
0.000010 0.189414 0.000010 0.810566
0.000010 0.346152 0.000010 0.653828
0.000010 0.462042 0.000010 0.537938
0.000010 0.999191 0.000010 0.000789
0.000010 0.291364 0.000010 0.708616
0.000010 0.415725 0.000010 0.584255
0.000010 0.000010 0.000010 0.999970
0.000010 0.558552 0.000010 0.441428
0.000010 0.560236 0.000010 0.439744
0.000010 0.577122 0.000010 0.422858
0.000010 0.565395 0.056685 0.377911
0.000010 0.534054 0.041367 0.424569
0.000010 0.972437 0.027543 0.000010
0.000010 0.352406 0.000010 0.647574
0.000010 0.900424 0.000010 0.099556
0.000010 0.115346 0.000010 0.884634
0.000010 0.000010 0.000010 0.999970
0.000010 0.000010 0.000010 0.999970
0.000010 0.837652 0.000010 0.162328
0.000010 0.176783 0.000010 0.823197
0.000010 0.231668 0.000010 0.768312
0.000010 0.361157 0.000010 0.638823
0.000010 0.477251 0.000010 0.522729
0.000010 0.000010 0.000010 0.999970
0.000010 0.361710 0.000010 0.638270
0.411579 0.000010 0.000010 0.588401
0.000010 0.276583 0.000010 0.723397
0.000010 0.060189 0.019884 0.919917
0.000010 0.464683 0.000010 0.535297
0.000010 0.183812 0.000010 0.816168
0.000010 0.577466 0.000010 0.422514
0.000010 0.789353 0.030965 0.179672
0.000010 0.588055 0.000010 0.411925
0.000010 0.577700 0.069945 0.352345
0.000010 0.076371 0.000010 0.923609
0.000010 0.092731 0.000010 0.907249
0.000010 0.298256 0.000010 0.701724
0.000010 0.316358 0.000010 0.683622
0.000010 0.593310 0.000010 0.406670
0.000010 0.421352 0.000010 0.578628
0.000010 0.253498 0.000010 0.746482
0.000010 0.164178 0.000010 0.835802
0.000010 0.908758 0.000010 0.091222
0.000010 0.999970 0.000010 0.000010
0.000010 0.595878 0.000010 0.404102
0.000010 0.031692 0.000010 0.968288
0.000010 0.190582 0.000010 0.809398
0.000010 0.999970 0.000010 0.000010
0.000010 0.518768 0.000010 0.481212
0.000010 0.169710 0.000010 0.830270
0.000010 0.166438 0.019579 0.813972
0.000010 0.207472 0.000010 0.792508
0.000010 0.608793 0.056769 0.334428
0.000010 0.583713 0.068777 0.347501
0.000010 0.999970 0.000010 0.000010
0.000010 0.000010 0.000010 0.999970
0.000010 0.000010 0.021869 0.978111
0.000010 0.217635 0.000010 0.782345
0.000010 0.138356 0.000010 0.861624
0.000010 0.572964 0.000010 0.427016
0.000010 0.896842 0.103138 0.000010
0.000010 0.977287 0.000010 0.022693
0.000010 0.999970 0.000010 0.000010
0.000010 0.693431 0.000010 0.306549
0.000010 0.000010 0.000010 0.999970
0.000010 0.257680 0.000010 0.742300
0.000010 0.436891 0.015440 0.547659
0.000010 0.783807 0.000010 0.216173
0.000010 0.270766 0.000010 0.729214
0.000010 0.000010 0.000010 0.999970
0.000010 0.999970 0.000010 0.000010
0.000010 0.232702 0.000010 0.767278
0.000010 0.738413 0.000010 0.261567
0.000010 0.080825 0.000010 0.919155
0.000010 0.000010 0.000010 0.999970
0.000010 0.999970 0.000010 0.000010
0.000010 0.734373 0.000010 0.265607
0.000010 0.235439 0.000010 0.764541
0.000010 0.871556 0.000010 0.128424
0.000010 0.209347 0.000010 0.790633
0.000010 0.112138 0.000010 0.887842
0.000010 0.311275 0.050593 0.638123
0.000010 0.519237 0.000010 0.480743
0.000010 0.999970 0.000010 0.000010
0.000010 0.000010 0.000010 0.999970
0.000010 0.418437 0.000010 0.581543
0.000010 0.625583 0.000010 0.374397
0.000010 0.629922 0.000010 0.370058
0.000010 0.239557 0.000010 0.760423
0.000010 0.948446 0.000010 0.051534
0.000010 0.094075 0.000010 0.905905
0.000010 0.105234 0.000010 0.894746
0.000010 0.169671 0.000010 0.830309
0.000010 0.000010 0.000010 0.999970
0.000010 0.428869 0.000010 0.571111
0.000010 0.000010 0.000010 0.999970
0.000010 0.581628 0.000010 0.418352
0.000010 0.430849 0.000010 0.569131
0.000010 0.161665 0.000010 0.838315
0.000010 0.709185 0.066937 0.223869
0.000010 0.054121 0.000010 0.945859
0.000010 0.999970 0.000010 0.000010
0.000010 0.999970 0.000010 0.000010
0.000010 0.787128 0.000010 0.212852
0.000010 0.460352 0.000010 0.539628
0.000010 0.000010 0.000010 0.999970
0.000010 0.000010 0.000010 0.999970
0.000010 0.701122 0.000010 0.298858
0.000010 0.723235 0.000010 0.276745
0.000010 0.853450 0.009098 0.137442
0.000010 0.910278 0.089702 0.000010
0.000010 0.000010 0.000010 0.999970
0.000010 0.087241 0.000010 0.912739
0.000010 0.108737 0.000010 0.891243
0.000010 0.221656 0.000010 0.778324
0.000010 0.999970 0.000010 0.000010
0.234352 0.489259 0.000010 0.276378
0.000010 0.552441 0.121242 0.326307
0.000010 0.178184 0.000010 0.821796
0.000010 0.189891 0.000010 0.810089
0.000010 0.242815 0.038291 0.718884
0.000010 0.844128 0.087051 0.068811
0.000010 0.384928 0.000010 0.615052
0.000010 0.496776 0.000010 0.503204
0.000010 0.089384 0.000010 0.910596
0.000010 0.000010 0.000010 0.999970
0.000010 0.122376 0.000010 0.877604
0.000010 0.979189 0.000010 0.020791
0.000010 0.463933 0.000010 0.536047
0.000010 0.999970 0.000010 0.000010
0.000010 0.196369 0.018040 0.785581
0.000010 0.816579 0.040654 0.142758
0.000010 0.999970 0.000010 0.000010
0.000010 0.000010 0.000010 0.999970
0.000020 0.144820 0.000010 0.855150
0.000010 0.742943 0.048475 0.208571
0.000010 0.226083 0.000010 0.773897
0.000010 0.608570 0.006857 0.384562
0.000010 0.853303 0.000010 0.146677
0.000010 0.442121 0.000010 0.557859
0.000010 0.328754 0.000010 0.671226
0.000010 0.000010 0.000010 0.999970
0.000010 0.837455 0.000010 0.162525
0.000010 0.999970 0.000010 0.000010
0.454324 0.378063 0.000010 0.167603
0.207441 0.080218 0.061923 0.650418
0.000010 0.198042 0.000010 0.801938
0.000010 0.142348 0.133886 0.723756
0.000010 0.999970 0.000010 0.000010
0.000010 0.000010 0.000010 0.999970
0.345002 0.654978 0.000010 0.000010
0.000010 0.203206 0.006776 0.790008
0.131253 0.137863 0.015683 0.715202
0.000010 0.000010 0.000010 0.999970
0.000010 0.449683 0.000010 0.550297
0.000010 0.754024 0.000010 0.245956
0.000010 0.122498 0.000010 0.877482
0.000010 0.000010 0.000010 0.999970
0.000010 0.000010 0.000010 0.999970
0.000010 0.782832 0.000010 0.217148
0.000010 0.483817 0.000010 0.516163
0.000010 0.852873 0.000010 0.147107
0.000010 0.056866 0.000010 0.943114
0.000010 0.075220 0.000010 0.924760
0.000010 0.441552 0.000010 0.558428
0.000010 0.841887 0.000010 0.158093
0.000010 0.516374 0.000010 0.483606
0.000010 0.999970 0.000010 0.000010
0.000010 0.000010 0.030196 0.969784
0.189851 0.038135 0.050541 0.721473
0.000010 0.095753 0.021717 0.882520
0.000010 0.618237 0.000010 0.381743
0.000010 0.745684 0.000010 0.254296
0.000010 0.390529 0.000010 0.609451
0.000010 0.257706 0.000010 0.742274
0.000010 0.122644 0.000010 0.877336
0.000010 0.990542 0.000010 0.009438
0.000010 0.138148 0.000010 0.861832
0.000010 0.192837 0.000010 0.807143
0.000010 0.000010 0.000010 0.999970
0.000010 0.697642 0.000010 0.302338
0.000010 0.554824 0.028473 0.416693
0.000010 0.121358 0.044802 0.833830
0.000010 0.999970 0.000010 0.000010
0.000010 0.999970 0.000010 0.000010
0.000010 0.560729 0.032498 0.406764
0.000010 0.165212 0.000010 0.834768
0.000010 0.000010 0.000010 0.999970
0.000010 0.226131 0.007071 0.766787
0.000010 0.239515 0.000010 0.760465
0.000010 0.541460 0.000010 0.458520
0.000010 0.188157 0.058714 0.753119
0.000010 0.999970 0.000010 0.000010
0.000010 0.999970 0.000010 0.000010
0.000010 0.124894 0.000010 0.875086
0.000010 0.156398 0.000010 0.843582
0.424106 0.029608 0.000010 0.546276
0.880146 0.000010 0.000010 0.119834
0.192710 0.000010 0.000010 0.807270
0.693757 0.144813 0.000010 0.161420
0.219319 0.000010 0.000010 0.780661
0.999970 0.000010 0.000010 0.000010
0.708347 0.105987 0.000010 0.185657
0.376989 0.000010 0.000010 0.622991
0.296173 0.088078 0.000010 0.615740
0.213152 0.000010 0.000010 0.786828
0.700966 0.000010 0.000010 0.299014
0.000010 0.320414 0.000010 0.679566
0.274974 0.125170 0.000010 0.599847
0.372465 0.060519 0.000010 0.567005
0.758837 0.000010 0.034630 0.206523
0.695063 0.282904 0.022023 0.000010
0.056435 0.553740 0.000010 0.389815
0.000010 0.096998 0.000010 0.902982
0.646203 0.000010 0.000010 0.353777
0.262211 0.000010 0.000010 0.737769
0.801376 0.176536 0.022077 0.000010
0.488715 0.000010 0.000010 0.511265
0.000220 0.000010 0.000010 0.999760
0.224212 0.000010 0.037611 0.738167
0.272400 0.000010 0.025517 0.702073
0.770026 0.000010 0.000010 0.229954
0.000010 0.547316 0.000010 0.452664
0.020023 0.000010 0.011721 0.968246
0.606283 0.000010 0.000010 0.393697
0.271810 0.000010 0.033078 0.695102
0.385799 0.000010 0.000010 0.614181
0.133989 0.000010 0.044655 0.821346
0.148183 0.123890 0.000010 0.727917
0.407704 0.000010 0.000010 0.592276
0.465112 0.000010 0.000010 0.534868
0.184792 0.136278 0.000010 0.678920
0.783564 0.000010 0.000010 0.216416
0.696150 0.000010 0.000010 0.303830
0.733341 0.143633 0.000010 0.123016
0.279336 0.000010 0.000010 0.720644
0.506580 0.119066 0.029427 0.344927
0.999970 0.000010 0.000010 0.000010
0.231076 0.000010 0.029701 0.739213
0.000010 0.000010 0.000010 0.999970
0.226883 0.000010 0.000010 0.773097
0.323814 0.069057 0.000010 0.607119
0.188911 0.065427 0.000010 0.745652
0.525689 0.000010 0.000010 0.474291
0.988874 0.000012 0.000010 0.011104
0.454712 0.006598 0.015500 0.523189
0.846700 0.153280 0.000010 0.000010
0.323394 0.063592 0.068699 0.544315
0.184945 0.000010 0.000010 0.815035
0.237727 0.000010 0.026465 0.735798
0.247762 0.000010 0.000010 0.752218
0.173202 0.000010 0.001058 0.825730
0.720052 0.141402 0.087534 0.051012
0.320492 0.123847 0.033837 0.521824
0.656557 0.000010 0.000010 0.343423
0.263061 0.000010 0.000010 0.736919
0.339770 0.000010 0.000010 0.660210
0.273802 0.105072 0.000010 0.621115
0.980223 0.000013 0.019754 0.000010
0.268660 0.000010 0.029796 0.701534
0.520774 0.032702 0.000010 0.446514
0.999970 0.000010 0.000010 0.000010
0.574374 0.000010 0.000010 0.425606
0.574409 0.000010 0.056200 0.369381
0.248553 0.079167 0.000010 0.672270
0.195579 0.000010 0.000010 0.804401
0.071411 0.087871 0.000010 0.840708
0.108096 0.099800 0.000010 0.792094
0.339717 0.080370 0.000010 0.579903
0.215082 0.000010 0.079798 0.705110
0.000010 0.000010 0.022288 0.977692
0.269423 0.000010 0.000010 0.730557
0.776533 0.132727 0.000010 0.090730
0.041874 0.556587 0.000010 0.401529
0.630418 0.000010 0.000010 0.369562
0.501324 0.000010 0.000010 0.498656
0.999970 0.000010 0.000010 0.000010
0.999970 0.000010 0.000010 0.000010
0.424853 0.000010 0.000010 0.575127
0.478725 0.000010 0.000010 0.521255
0.612808 0.028673 0.070967 0.287551
0.415262 0.000010 0.000010 0.584718
0.400506 0.000010 0.000010 0.599474
0.338408 0.072757 0.031868 0.556967
0.417441 0.130362 0.000010 0.452187
0.731015 0.000010 0.000010 0.268965
0.613566 0.000010 0.000010 0.386414
0.216667 0.000010 0.000010 0.783313
0.264751 0.000010 0.000010 0.735229
0.228216 0.000010 0.000010 0.771764
0.367350 0.017766 0.049019 0.565864
0.709060 0.244164 0.046765 0.000010
0.713671 0.173643 0.000010 0.112676
0.280617 0.000010 0.000010 0.719363
0.649940 0.137132 0.104683 0.108245
0.155562 0.069188 0.000010 0.775240
0.377742 0.135942 0.000010 0.486306
0.338735 0.000010 0.000010 0.661245
0.999970 0.000010 0.000010 0.000010
0.646235 0.251093 0.028596 0.074076
0.282161 0.000010 0.007550 0.710279
0.270629 0.000010 0.000010 0.729351
0.379999 0.000010 0.000010 0.619981
0.529966 0.000010 0.000010 0.470014
0.262333 0.026308 0.000010 0.711349
0.208413 0.000010 0.030987 0.760590
0.000010 0.156514 0.000010 0.843466
0.999970 0.000010 0.000010 0.000010
0.280893 0.000010 0.000010 0.719087
0.394793 0.326330 0.000010 0.278868
0.723378 0.000010 0.033754 0.242858
0.956881 0.043099 0.000010 0.000010
0.152099 0.000010 0.000010 0.847881
0.271614 0.000010 0.008122 0.720253
0.572257 0.061283 0.000010 0.366451
0.508393 0.000010 0.047162 0.444436
0.431733 0.000010 0.076171 0.492086
0.108653 0.073746 0.020108 0.797493
0.877504 0.074719 0.000010 0.047767
0.374899 0.113162 0.083494 0.428445
0.631632 0.000010 0.000010 0.368348
0.730520 0.056523 0.000010 0.212947
0.999970 0.000010 0.000010 0.000010
0.720977 0.000010 0.000010 0.279003
0.104721 0.109077 0.000010 0.786192
0.290241 0.000010 0.000010 0.709739
0.562547 0.278752 0.115797 0.042904
0.250517 0.000010 0.000010 0.749463
0.192531 0.000010 0.000010 0.807449
0.175259 0.000010 0.111498 0.713233
0.777363 0.000010 0.000010 0.222617
0.768225 0.000010 0.000010 0.231755
0.366170 0.127529 0.059180 0.447121
0.244038 0.000010 0.037046 0.718906
0.471477 0.083680 0.000010 0.444833
0.242542 0.057161 0.000010 0.700287
0.502491 0.062401 0.000010 0.435098
0.547077 0.103550 0.048995 0.300378
0.691873 0.308107 0.000010 0.000010
0.660952 0.057631 0.000010 0.281407
0.223366 0.000010 0.000010 0.776614
0.395700 0.000010 0.097554 0.506735
0.344706 0.000010 0.000010 0.655274
0.406729 0.219557 0.000010 0.373705
0.340008 0.000010 0.000010 0.659972
0.860465 0.139515 0.000010 0.000010
0.537970 0.000010 0.000010 0.462010
0.564767 0.098279 0.000010 0.336943
0.412147 0.059007 0.013387 0.515459
0.256295 0.000010 0.000010 0.743685
0.450350 0.055135 0.000010 0.494505
0.999970 0.000010 0.000010 0.000010
0.766277 0.193306 0.040408 0.000010
0.221577 0.000010 0.000010 0.778403
0.178246 0.000010 0.000010 0.821734
0.198803 0.018472 0.000010 0.782715
0.999970 0.000010 0.000010 0.000010
0.882253 0.000010 0.077236 0.040500
0.935990 0.044026 0.019974 0.000010
0.000010 0.091981 0.042731 0.865278
0.152554 0.000010 0.000010 0.847426
0.000010 0.234297 0.000010 0.765683
0.204158 0.408811 0.163936 0.223095
0.154105 0.390977 0.000010 0.454909
0.207287 0.048258 0.057275 0.687180
0.000010 0.246385 0.000010 0.753595
0.000010 0.499060 0.000010 0.500920
0.000010 0.638916 0.000010 0.361064
0.367144 0.284964 0.000010 0.347882
0.164735 0.340366 0.000010 0.494888
0.000010 0.748457 0.052189 0.199344
0.472809 0.077833 0.000010 0.449347
0.208458 0.000010 0.000010 0.791522
0.140176 0.000010 0.000010 0.859804
0.514137 0.104812 0.000010 0.381041
0.530365 0.228304 0.000010 0.241321
0.667723 0.000010 0.000010 0.332257
0.478612 0.117088 0.000010 0.404290
0.872825 0.127155 0.000010 0.000010
0.433776 0.000010 0.000010 0.566204
0.569867 0.000010 0.000010 0.430113
0.123480 0.134639 0.000010 0.741872
0.873364 0.000010 0.000010 0.126616
0.411036 0.072305 0.000010 0.516650
0.652884 0.000010 0.047427 0.299679
0.323770 0.205887 0.000010 0.470333
0.295156 0.000010 0.000010 0.704824
0.604031 0.000010 0.000010 0.395949
0.577126 0.000010 0.000010 0.422854
0.799337 0.000010 0.049713 0.150940
0.464746 0.000010 0.000010 0.535234
0.411439 0.135846 0.000010 0.452705
0.248104 0.000010 0.000010 0.751876
0.907333 0.000010 0.000010 0.092647
0.923208 0.000010 0.000010 0.076772
0.000010 0.773170 0.000010 0.226810
0.841406 0.000010 0.064607 0.093977
0.274948 0.000010 0.000010 0.725032
0.000010 0.775250 0.002036 0.222703
0.660516 0.000010 0.000010 0.339464
0.662590 0.000010 0.000010 0.337390
0.571567 0.000010 0.033168 0.395254
0.999970 0.000010 0.000010 0.000010
0.999970 0.000010 0.000010 0.000010
0.527914 0.000010 0.000010 0.472066
0.785995 0.000010 0.000010 0.213985
0.447048 0.000010 0.000010 0.552932
0.428170 0.000010 0.000010 0.571810
0.722211 0.133922 0.000010 0.143856
0.880345 0.119635 0.000010 0.000010
0.825276 0.000010 0.000010 0.174704
0.748876 0.251104 0.000010 0.000010
0.977900 0.000010 0.000010 0.022080
0.201773 0.120850 0.000010 0.677368
0.464497 0.000010 0.071113 0.464380
0.354485 0.000010 0.000010 0.645495
0.671968 0.000010 0.026987 0.301036
0.707984 0.000010 0.000010 0.291996
0.289931 0.000010 0.032322 0.677737
0.999970 0.000010 0.000010 0.000010
0.508652 0.000010 0.015710 0.475628
0.397579 0.000010 0.000010 0.602401
0.365913 0.000010 0.000010 0.634067
0.244678 0.057002 0.000010 0.698310
0.678925 0.000010 0.000010 0.321055
0.247012 0.007552 0.000010 0.745426
0.161264 0.000010 0.000010 0.838716
0.311927 0.000010 0.546822 0.141241
0.272613 0.000010 0.000010 0.727367
0.526996 0.000010 0.000010 0.472984
0.634292 0.230504 0.124687 0.010517
0.726694 0.144000 0.000010 0.129295
0.842907 0.000010 0.000010 0.157073
0.994075 0.000010 0.005905 0.000010
0.673676 0.161409 0.066474 0.098441
0.846655 0.000010 0.000010 0.153325
0.357324 0.000010 0.000010 0.642656
0.595147 0.065629 0.000010 0.339214
0.153115 0.000010 0.000010 0.846865
0.488288 0.000012 0.000010 0.511690
0.375478 0.082050 0.043509 0.498963
0.682866 0.000010 0.000010 0.317114
0.568472 0.000010 0.000010 0.431508
0.682585 0.317395 0.000010 0.000010
0.893406 0.000010 0.000010 0.106574
0.562761 0.054600 0.000010 0.382629
0.826679 0.000010 0.108738 0.064574
0.903767 0.000010 0.000010 0.096213
0.504419 0.000010 0.000010 0.495561
0.229467 0.000010 0.001933 0.768590
0.593857 0.000010 0.000010 0.406123
0.674883 0.000010 0.000010 0.325097
0.555978 0.000010 0.000010 0.444002
0.706888 0.103428 0.000010 0.189674
0.152177 0.101804 0.000010 0.746009
0.956356 0.000010 0.000010 0.043624
0.318039 0.000010 0.000010 0.681941
0.000010 0.000010 0.000010 0.999970
0.999970 0.000010 0.000010 0.000010
0.000010 0.000010 0.000010 0.999970
0.339529 0.000010 0.503060 0.157401
0.479340 0.000010 0.000010 0.520640
0.952148 0.000010 0.000010 0.047832
0.808700 0.000010 0.000010 0.191280
0.159349 0.103809 0.000010 0.736831
0.281670 0.097839 0.000010 0.620480
0.278016 0.000010 0.000010 0.721964
0.606673 0.000010 0.000010 0.393307
0.238574 0.000010 0.000010 0.761406
0.000010 0.000010 0.000010 0.999970
0.961482 0.000010 0.038498 0.000010
0.403748 0.000010 0.026070 0.570173
0.856105 0.000010 0.000010 0.143875
0.246410 0.000010 0.066030 0.687550
0.932519 0.000010 0.000010 0.067461
0.507791 0.000010 0.000010 0.492189
0.485267 0.002833 0.057510 0.454389
0.273625 0.091516 0.000010 0.634849
0.999964 0.000010 0.000016 0.000010
0.629252 0.000010 0.000010 0.370728
0.481958 0.143308 0.000010 0.374724
0.916157 0.000010 0.000010 0.083823
0.853701 0.146279 0.000010 0.000010
0.203451 0.000010 0.044991 0.751548
0.158660 0.000010 0.000010 0.841320
0.252204 0.000010 0.000010 0.747776
0.865510 0.075849 0.000010 0.058631
0.420174 0.078695 0.000010 0.501122
0.439978 0.000010 0.056687 0.503325
0.343000 0.000010 0.000010 0.656980
0.999970 0.000010 0.000010 0.000010
0.583406 0.000010 0.037652 0.378932
0.933761 0.000010 0.019515 0.046714
0.791262 0.000010 0.000010 0.208718
0.760207 0.114247 0.000010 0.125536
0.000010 0.000010 0.000010 0.999970
0.726906 0.000010 0.029296 0.243788
0.736890 0.000010 0.064018 0.199082
0.284132 0.000010 0.000010 0.715848
0.000010 0.000010 0.000010 0.999970
0.978529 0.000010 0.021451 0.000010
0.000010 0.000010 0.000010 0.999970
0.795072 0.000010 0.036541 0.168377
0.751421 0.041296 0.028793 0.178490
0.722728 0.191980 0.006667 0.078625
0.732292 0.241388 0.000010 0.026310
0.999970 0.000010 0.000010 0.000010
0.753575 0.188869 0.012907 0.044649
0.500954 0.000010 0.000010 0.499026
0.727471 0.000010 0.044062 0.228456
0.883833 0.000010 0.054291 0.061866
0.719845 0.000010 0.000010 0.280135
0.576486 0.195277 0.000010 0.228227
0.663344 0.000010 0.000010 0.336636
0.243393 0.141435 0.000010 0.615162
0.999970 0.000010 0.000010 0.000010
0.157798 0.188614 0.000010 0.653578
0.806702 0.000010 0.000010 0.193278
0.638651 0.087230 0.059842 0.214277
0.563977 0.000010 0.061202 0.374810
0.596968 0.000010 0.000010 0.403012
0.323374 0.000010 0.000010 0.676606
0.542989 0.074465 0.000010 0.382536
0.410568 0.035098 0.000010 0.554324
0.879341 0.120639 0.000010 0.000010
0.436210 0.094698 0.028315 0.440778
0.787471 0.000010 0.000010 0.212509
0.245373 0.000010 0.000010 0.754607
0.194937 0.048879 0.000010 0.756174
0.283593 0.000010 0.000010 0.716387
0.497811 0.000010 0.000010 0.502169
0.456922 0.000010 0.002716 0.540352
0.447082 0.086919 0.066524 0.399476
0.278779 0.061856 0.094430 0.564935
0.621237 0.000010 0.000010 0.378743
0.475355 0.076639 0.000010 0.447996
0.780104 0.219876 0.000010 0.000010
0.842529 0.000010 0.000010 0.157451
0.999970 0.000010 0.000010 0.000010
0.278625 0.139817 0.000010 0.581548
0.934084 0.000010 0.000010 0.065896
0.161605 0.000010 0.000010 0.838375
0.874222 0.125758 0.000010 0.000010
0.381824 0.000010 0.000010 0.618156
0.713631 0.208518 0.000010 0.077840
0.279226 0.000010 0.043621 0.677144
0.999970 0.000010 0.000010 0.000010
0.260165 0.064174 0.000010 0.675650
0.121725 0.000010 0.035516 0.842750
0.274507 0.000010 0.000010 0.725473
0.653982 0.000010 0.000010 0.345998
0.000010 0.000010 0.000010 0.999970
0.433307 0.000010 0.000010 0.566673
0.345548 0.000010 0.000010 0.654432
0.904972 0.000010 0.095008 0.000010
0.000010 0.000010 0.000010 0.999970
0.072900 0.080941 0.002228 0.843930
0.490395 0.000010 0.000010 0.509585
0.607177 0.106418 0.000010 0.286395
0.251427 0.022868 0.035828 0.689877
0.615354 0.000010 0.000010 0.384626
0.498347 0.000010 0.000010 0.501633
0.426873 0.048154 0.000010 0.524962
0.943536 0.000010 0.000010 0.056444
0.210719 0.000010 0.000010 0.789261
0.387565 0.000010 0.126909 0.485516
0.162056 0.403705 0.000010 0.434229
0.359132 0.070125 0.000010 0.570733
0.000010 0.108906 0.040421 0.850663
0.575212 0.210692 0.000010 0.214085
0.345028 0.000010 0.060566 0.594395
0.117634 0.158036 0.076299 0.648031
0.965528 0.000010 0.000010 0.034452
0.430716 0.070410 0.000010 0.498864
0.930674 0.000010 0.000010 0.069306
0.566150 0.091161 0.000010 0.342680
0.489579 0.000010 0.000010 0.510401
0.000010 0.667946 0.000010 0.332034
0.000010 0.183281 0.000010 0.816699
0.183919 0.000010 0.000010 0.816061
0.192417 0.000010 0.000010 0.807563
0.233050 0.000010 0.025363 0.741576
0.359420 0.000010 0.027147 0.613423
0.999970 0.000010 0.000010 0.000010
0.697841 0.000010 0.036986 0.265163
0.536308 0.000010 0.000010 0.463672
0.107752 0.184481 0.078526 0.629240
0.000010 0.173805 0.026836 0.799349
0.000010 0.232581 0.000010 0.767399
0.000010 0.999970 0.000010 0.000010
0.191803 0.233694 0.000010 0.574493
0.141996 0.000010 0.000010 0.857984
0.226454 0.000010 0.000010 0.773526
0.435236 0.000010 0.000010 0.564744
0.317563 0.616723 0.000010 0.065704
0.142738 0.342519 0.025528 0.489215
0.194252 0.000010 0.000010 0.805728
0.183958 0.122567 0.031909 0.661566
0.542525 0.000010 0.000010 0.457455
0.187329 0.000010 0.000010 0.812651
0.353662 0.000010 0.000010 0.646318
0.130783 0.000010 0.000010 0.869197
0.448197 0.000010 0.000010 0.551783
0.436054 0.000010 0.000010 0.563926
0.301526 0.000010 0.000010 0.698454
0.554580 0.000010 0.054312 0.391098
0.195182 0.000010 0.000010 0.804798
0.189687 0.015483 0.035949 0.758881
0.226464 0.000010 0.000010 0.773516
0.579007 0.050861 0.000010 0.370122
0.531921 0.000010 0.023659 0.444410
0.381665 0.000010 0.000010 0.618315
0.554626 0.000010 0.000010 0.445354
0.170985 0.154864 0.015398 0.658752
0.000010 0.151717 0.045854 0.802418
0.107729 0.207403 0.000010 0.684857
0.154710 0.000010 0.000010 0.845270
0.303505 0.000470 0.000010 0.696015
0.232017 0.410637 0.064835 0.292511
0.252368 0.000010 0.000010 0.747612
0.180720 0.177256 0.039095 0.602929
0.000010 0.099300 0.025522 0.875168
0.704988 0.000010 0.000664 0.294338
0.177165 0.000010 0.000010 0.822815
0.580608 0.021450 0.000010 0.397932
0.181886 0.000010 0.000010 0.818094
0.540947 0.000010 0.000010 0.459033
0.275883 0.000017 0.000010 0.724090
0.188062 0.000010 0.000010 0.811918
0.548377 0.000010 0.050321 0.401292
0.000010 0.171551 0.000010 0.828429
0.205733 0.000010 0.000010 0.794247
0.273058 0.267238 0.005622 0.454082
0.285097 0.125616 0.000010 0.589277
0.203991 0.000010 0.015694 0.780305
0.621215 0.000010 0.000010 0.378765
0.590150 0.000010 0.039549 0.370290
0.141643 0.323831 0.000010 0.534516
0.157781 0.352922 0.083299 0.405998
0.145072 0.000010 0.000010 0.854908
0.271511 0.000010 0.002502 0.725977
0.236596 0.000010 0.000010 0.763384
0.601878 0.000010 0.398102 0.000010
0.000010 0.999970 0.000010 0.000010
0.479617 0.304809 0.059907 0.155667
0.165591 0.035564 0.000010 0.798835
0.714232 0.000010 0.000010 0.285748
0.000013 0.124114 0.000010 0.875863
0.298200 0.000010 0.000010 0.701780
0.375828 0.000010 0.045352 0.578810
0.314380 0.000010 0.000010 0.685600
0.532234 0.000010 0.061307 0.406449
0.436274 0.000010 0.000010 0.563706
0.233670 0.237092 0.000010 0.529227
0.444249 0.449787 0.000010 0.105955
0.147123 0.360653 0.027124 0.465099
0.000010 0.000010 0.000010 0.999970
0.581023 0.000010 0.000010 0.418957
0.319210 0.307196 0.000010 0.373584
0.897985 0.000010 0.033585 0.068419
0.437516 0.000010 0.108725 0.453749
0.181331 0.000010 0.000010 0.818649
0.250199 0.000010 0.000010 0.749781
0.000010 0.171402 0.028280 0.800309
0.150238 0.277895 0.000010 0.571857
0.100013 0.101226 0.000010 0.798752
0.150394 0.039306 0.000010 0.810290
0.215583 0.000010 0.000010 0.784397
0.000010 0.172954 0.029513 0.797522
0.291808 0.000010 0.000010 0.708172
0.260340 0.000010 0.000010 0.739640
0.581882 0.079037 0.036302 0.302779
0.567560 0.091050 0.000010 0.341380
0.498116 0.000010 0.000010 0.501864
0.811496 0.000010 0.048481 0.140013
0.162155 0.353413 0.000010 0.484422
0.292180 0.407249 0.000010 0.300561
0.616195 0.000010 0.383785 0.000010
0.331058 0.330155 0.143299 0.195487
0.361345 0.293541 0.061480 0.283635
0.707475 0.000010 0.000010 0.292505
0.121399 0.000010 0.000010 0.878581
0.000010 0.000010 0.000010 0.999970
0.999970 0.000010 0.000010 0.000010
0.187042 0.000010 0.000010 0.812938
0.484126 0.099958 0.000010 0.415906
0.377730 0.068278 0.000010 0.553982
0.446372 0.000010 0.000010 0.553608
0.000010 0.000010 0.000010 0.999970
0.252076 0.000010 0.000010 0.747904
0.239494 0.000010 0.000010 0.760486
0.214994 0.000010 0.013387 0.771608
0.167806 0.000010 0.000010 0.832174
0.128920 0.281737 0.000010 0.589332
0.177252 0.000010 0.022417 0.800321
0.000010 0.000010 0.000010 0.999970
0.000010 0.736313 0.000010 0.263667
0.309902 0.195453 0.000010 0.494635
0.000010 0.408979 0.000010 0.591001
0.000010 0.142847 0.000010 0.857133
0.301269 0.000010 0.000010 0.698711
0.278590 0.000010 0.000010 0.721390
0.994282 0.000010 0.005698 0.000010
0.414957 0.000010 0.000010 0.585023
0.182428 0.000010 0.039078 0.778484
0.270737 0.000010 0.000010 0.729243
0.197479 0.009591 0.000010 0.792920
0.000010 0.000010 0.026735 0.973245
0.000010 0.000010 0.000010 0.999970
0.057270 0.000010 0.000010 0.942710
0.000010 0.000010 0.024212 0.975768
0.000010 0.000010 0.000010 0.999970
0.244682 0.000010 0.000010 0.755298
0.000010 0.000010 0.000010 0.999970
0.000010 0.000010 0.000010 0.999970
0.192717 0.000010 0.000010 0.807263
0.235312 0.000010 0.000010 0.764668
0.182729 0.000010 0.000010 0.817251
0.000010 0.000010 0.000010 0.999970
0.000010 0.000010 0.041662 0.958318
0.000010 0.000010 0.000010 0.999970
0.000010 0.000010 0.000010 0.999970
0.000010 0.000010 0.000010 0.999970
0.000010 0.000010 0.000010 0.999970
0.000010 0.000010 0.000010 0.999970
0.674939 0.000010 0.000010 0.325041
0.000010 0.000010 0.000010 0.999970
0.121697 0.000010 0.000010 0.878283
0.000017 0.000010 0.000010 0.999963
0.281675 0.000010 0.000010 0.718305
0.375881 0.000010 0.000010 0.624099
0.000010 0.000010 0.022781 0.977199
0.000010 0.000010 0.000010 0.999970
0.270193 0.000010 0.000010 0.729787
0.000010 0.000010 0.038235 0.961745
0.152092 0.000010 0.075802 0.772097
0.596832 0.000010 0.000010 0.403148
0.165506 0.000010 0.000010 0.834474
0.000010 0.000010 0.000010 0.999970
0.194617 0.000010 0.042809 0.762564
0.751620 0.000010 0.000010 0.248360
0.568655 0.000010 0.000010 0.431325
0.000010 0.000010 0.000010 0.999970
0.618130 0.000010 0.000010 0.381850
0.000010 0.000010 0.000010 0.999970
0.232781 0.000010 0.000010 0.767199
0.000010 0.000010 0.000010 0.999970
0.307987 0.000010 0.000010 0.691993
0.000010 0.000010 0.000010 0.999970
0.305430 0.000010 0.021765 0.672794
0.000010 0.000010 0.000010 0.999970
0.000010 0.000010 0.000010 0.999970
0.076691 0.060960 0.000010 0.862338
0.411269 0.000010 0.000010 0.588711
0.280276 0.058894 0.058080 0.602749
0.355652 0.000010 0.000010 0.644328
0.000010 0.000010 0.052384 0.947596
0.179907 0.000010 0.000010 0.820073
0.648459 0.000010 0.000010 0.351521
0.000010 0.000010 0.000010 0.999970
0.621776 0.000010 0.000010 0.378204
0.189017 0.000010 0.000010 0.810963
0.000010 0.000010 0.000010 0.999970
0.000010 0.000010 0.000010 0.999970
0.125507 0.000010 0.000010 0.874473
0.000010 0.000010 0.000010 0.999970
0.194625 0.000010 0.016761 0.788604
0.307607 0.000010 0.000010 0.692373
0.000010 0.000010 0.000010 0.999970
0.414602 0.000010 0.000010 0.585378
0.000010 0.000010 0.000010 0.999970
0.000010 0.000010 0.024737 0.975243
0.091803 0.000010 0.000010 0.908177
0.000010 0.000010 0.000010 0.999970
0.434514 0.000010 0.000010 0.565466
0.000010 0.062267 0.000010 0.937713
0.912168 0.036463 0.000010 0.051358
0.000010 0.000010 0.000010 0.999970
0.000010 0.000010 0.000010 0.999970
0.000010 0.000010 0.000010 0.999970
0.695868 0.000010 0.030597 0.273525
0.369433 0.114475 0.000010 0.516082
0.000010 0.000010 0.000010 0.999970
0.297204 0.000010 0.000010 0.702776
0.834617 0.000010 0.000010 0.165363
0.184504 0.000010 0.072664 0.742822
0.000010 0.000010 0.000010 0.999970
0.000010 0.000010 0.000010 0.999970
0.000010 0.000010 0.000010 0.999970
0.000010 0.000010 0.000010 0.999970
0.480271 0.000010 0.000010 0.519709
0.000010 0.000010 0.000010 0.999970
0.000010 0.000010 0.026791 0.973189
0.142667 0.000010 0.009516 0.847807
0.000010 0.000010 0.028873 0.971107
0.000010 0.000010 0.000010 0.999970
0.000010 0.000010 0.000010 0.999970
0.000010 0.000010 0.000010 0.999970
0.292115 0.000010 0.028277 0.679599
0.218494 0.000010 0.000010 0.781486
0.000010 0.000010 0.000010 0.999970
0.000010 0.000010 0.000010 0.999970
0.000010 0.000010 0.000010 0.999970
0.260924 0.000010 0.000010 0.739056
0.257809 0.000010 0.000010 0.742171
0.000010 0.000010 0.000010 0.999970
0.000010 0.000010 0.000010 0.999970
0.000010 0.000010 0.000010 0.999970
0.145352 0.000010 0.000010 0.854628
0.000010 0.000010 0.000010 0.999970
0.000010 0.000010 0.000010 0.999970
0.260398 0.000010 0.000010 0.739582
0.000010 0.000010 0.000010 0.999970
0.000010 0.000010 0.000010 0.999970
0.000010 0.000010 0.000010 0.999970
0.000010 0.000010 0.000010 0.999970
0.486841 0.000010 0.000010 0.513139
0.276478 0.000010 0.000010 0.723502
0.036190 0.000010 0.000010 0.963790
0.000010 0.000010 0.000010 0.999970
0.000010 0.000010 0.000010 0.999970
0.000010 0.000010 0.000010 0.999970
0.000010 0.000010 0.022012 0.977968
0.312445 0.000010 0.050316 0.637229
0.089936 0.000010 0.000010 0.910044
0.171264 0.000010 0.000010 0.828716
0.000010 0.000010 0.000010 0.999970
0.000010 0.000010 0.000010 0.999970
0.000010 0.000010 0.000010 0.999970
0.945124 0.000010 0.054856 0.000010
0.000010 0.000010 0.000010 0.999970
0.000010 0.000010 0.999970 0.000010
0.000010 0.000010 0.999970 0.000010
0.000010 0.000010 0.999970 0.000010
0.000010 0.000010 0.741227 0.258753
0.000010 0.000010 0.982848 0.017132
0.000010 0.000010 0.999970 0.000010
0.000010 0.000010 0.999970 0.000010
0.000010 0.000010 0.999970 0.000010
0.000010 0.000010 0.893277 0.106703
0.000010 0.000010 0.912160 0.087820
0.000010 0.000010 0.999970 0.000010
0.000010 0.000010 0.999970 0.000010
0.000010 0.000010 0.999970 0.000010
0.000010 0.000010 0.999970 0.000010
0.000010 0.000010 0.999970 0.000010
0.000010 0.000010 0.948783 0.051197
0.000010 0.000010 0.999970 0.000010
0.000010 0.000010 0.999970 0.000010
0.000010 0.000010 0.999970 0.000010
0.000010 0.000010 0.999970 0.000010
0.000010 0.000010 0.999970 0.000010
0.000010 0.000010 0.999970 0.000010
0.000010 0.000010 0.999970 0.000010
0.000010 0.000010 0.999970 0.000010
0.000010 0.000010 0.999970 0.000010
0.000010 0.000010 0.999970 0.000010
0.000010 0.000010 0.999970 0.000010
0.000010 0.000010 0.999970 0.000010
0.000010 0.000010 0.999970 0.000010
0.000010 0.000010 0.974738 0.025242
0.000010 0.000010 0.946501 0.053479
0.000010 0.000010 0.999970 0.000010
0.000010 0.000010 0.999970 0.000010
0.000010 0.000010 0.999970 0.000010
0.000010 0.000010 0.999970 0.000010
0.000010 0.000010 0.650810 0.349170
0.000010 0.000010 0.999970 0.000010
0.000010 0.000010 0.999970 0.000010
0.000010 0.000010 0.999970 0.000010
0.000010 0.000010 0.999970 0.000010
0.000010 0.000010 0.999970 0.000010
0.000010 0.000010 0.999970 0.000010
0.000010 0.000010 0.996125 0.003855
0.000010 0.000010 0.999970 0.000010
0.000010 0.000010 0.999970 0.000010
0.000010 0.000010 0.999970 0.000010
0.000010 0.000010 0.999970 0.000010
0.000010 0.000010 0.999970 0.000010
0.000010 0.000010 0.999970 0.000010
0.000010 0.000010 0.999970 0.000010
0.000010 0.000010 0.999970 0.000010
0.000010 0.000010 0.999970 0.000010
0.000010 0.000010 0.999970 0.000010
0.000010 0.000010 0.999970 0.000010
0.000010 0.000010 0.999970 0.000010
0.000010 0.000010 0.999970 0.000010
0.000010 0.000010 0.923584 0.076396
0.000010 0.000010 0.999970 0.000010
0.000010 0.000010 0.999970 0.000010
0.000010 0.000010 0.737571 0.262409
0.000010 0.000010 0.999970 0.000010
0.000010 0.000010 0.999970 0.000010
0.000010 0.000010 0.999970 0.000010
0.000010 0.000010 0.999970 0.000010
0.000010 0.000010 0.999970 0.000010
0.000010 0.000010 0.999970 0.000010
0.000010 0.000010 0.999970 0.000010
0.000010 0.000010 0.999970 0.000010
0.000010 0.000010 0.992783 0.007197
0.000010 0.000010 0.999970 0.000010
0.000010 0.000010 0.999970 0.000010
0.000010 0.000010 0.999970 0.000010
0.000010 0.000010 0.999970 0.000010
0.000010 0.000010 0.999970 0.000010
0.000010 0.000010 0.976585 0.023395
0.000010 0.000010 0.999970 0.000010
0.000010 0.000010 0.999970 0.000010
0.000010 0.000010 0.999970 0.000010
0.000010 0.000010 0.999970 0.000010
0.000010 0.000010 0.999970 0.000010
0.000010 0.000010 0.999970 0.000010
0.000010 0.000010 0.999970 0.000010
0.000010 0.000010 0.999970 0.000010
0.000010 0.000010 0.898142 0.101838
0.000010 0.000010 0.999970 0.000010
0.000010 0.000010 0.999970 0.000010
0.000010 0.000010 0.999970 0.000010
0.000010 0.000010 0.999970 0.000010
0.000010 0.000010 0.999970 0.000010
0.000010 0.000010 0.984808 0.015172
0.000010 0.000010 0.999970 0.000010
0.000010 0.000010 0.815640 0.184340
0.000010 0.000010 0.999970 0.000010
0.000010 0.000010 0.999970 0.000010
0.000010 0.000010 0.999970 0.000010
0.000010 0.000010 0.999970 0.000010
0.000010 0.000010 0.999970 0.000010
0.000010 0.000010 0.999970 0.000010
0.000010 0.000010 0.999970 0.000010
0.000010 0.000010 0.920356 0.079624
0.000010 0.000010 0.987288 0.012692
0.000010 0.000010 0.999970 0.000010
0.000010 0.000010 0.999970 0.000010
0.000010 0.000010 0.999970 0.000010
0.000010 0.000010 0.999970 0.000010
0.000010 0.000010 0.999970 0.000010
0.000010 0.000010 0.999970 0.000010
0.000010 0.000010 0.999970 0.000010
0.000010 0.000010 0.999970 0.000010
0.000010 0.000010 0.999970 0.000010
0.000010 0.000010 0.999970 0.000010
0.000010 0.000010 0.999970 0.000010
0.000010 0.000010 0.999970 0.000010
0.000010 0.000010 0.999970 0.000010
0.000010 0.000010 0.999970 0.000010
0.000010 0.000010 0.999970 0.000010
0.000010 0.000010 0.999970 0.000010
0.000010 0.000010 0.999970 0.000010
0.000010 0.000010 0.999970 0.000010
0.000010 0.000010 0.999970 0.000010
0.000010 0.000010 0.999970 0.000010
0.000010 0.000010 0.999970 0.000010
0.000010 0.000010 0.999970 0.000010
0.000010 0.000010 0.999970 0.000010
0.000010 0.000010 0.712112 0.287868
0.000010 0.000010 0.999970 0.000010
0.044682 0.000010 0.955298 0.000010
0.000010 0.000010 0.999970 0.000010
0.000010 0.000010 0.958065 0.041915
0.000010 0.000010 0.999970 0.000010
0.000010 0.000010 0.999970 0.000010
0.000010 0.000010 0.999970 0.000010
0.000010 0.000010 0.672851 0.327129
0.000010 0.000010 0.999970 0.000010
0.000010 0.000010 0.999970 0.000010
0.000010 0.000010 0.999970 0.000010
0.000010 0.000010 0.999970 0.000010
0.000010 0.000010 0.999970 0.000010
0.000010 0.000010 0.023843 0.976137
0.000010 0.000010 0.000010 0.999970
0.000010 0.000010 0.000010 0.999970
0.000010 0.000010 0.000010 0.999970
0.000010 0.000010 0.000010 0.999970
0.000010 0.000010 0.000010 0.999970
0.000010 0.000010 0.000010 0.999970
0.000010 0.000010 0.000010 0.999970
0.000010 0.000010 0.000010 0.999970
0.000010 0.000010 0.000010 0.999970
0.000010 0.000010 0.000010 0.999970
0.000010 0.000010 0.000010 0.999970
0.000010 0.000010 0.000010 0.999970
0.000010 0.000010 0.000010 0.999970
0.000010 0.000010 0.000010 0.999970
0.000010 0.000010 0.000010 0.999970
