0.020374 0.947081 0.000010 0.000010 0.000010 0.032516
0.583883 0.416077 0.000010 0.000010 0.000010 0.000010
0.999950 0.000010 0.000010 0.000010 0.000010 0.000010
0.000010 0.000010 0.000010 0.999950 0.000010 0.000010
0.210291 0.751971 0.037708 0.000010 0.000010 0.000010
0.103265 0.732540 0.026983 0.137192 0.000010 0.000010
0.503169 0.496791 0.000010 0.000010 0.000010 0.000010
0.017164 0.982796 0.000010 0.000010 0.000010 0.000010
0.726583 0.273377 0.000010 0.000010 0.000010 0.000010
0.789096 0.210864 0.000010 0.000010 0.000010 0.000010
0.601526 0.375143 0.023300 0.000010 0.000010 0.000010
0.476366 0.522985 0.000619 0.000010 0.000010 0.000010
0.999950 0.000010 0.000010 0.000010 0.000010 0.000010
0.139975 0.859985 0.000010 0.000010 0.000010 0.000010
0.948782 0.051178 0.000010 0.000010 0.000010 0.000010
0.250209 0.749751 0.000010 0.000010 0.000010 0.000010
0.084489 0.363540 0.061404 0.490547 0.000010 0.000010
0.347069 0.000010 0.000010 0.652891 0.000010 0.000010
0.760248 0.239712 0.000010 0.000010 0.000010 0.000010
0.680387 0.319573 0.000010 0.000010 0.000010 0.000010
0.000010 0.106715 0.071072 0.822183 0.000010 0.000010
0.566279 0.433681 0.000010 0.000010 0.000010 0.000010
0.153443 0.846517 0.000010 0.000010 0.000010 0.000010
0.193905 0.806055 0.000010 0.000010 0.000010 0.000010
0.388104 0.611856 0.000010 0.000010 0.000010 0.000010
0.455761 0.544199 0.000010 0.000010 0.000010 0.000010
0.099161 0.192881 0.000010 0.707928 0.000010 0.000010
0.999950 0.000010 0.000010 0.000010 0.000010 0.000010
0.000010 0.026273 0.000010 0.973687 0.000010 0.000010
0.414851 0.585109 0.000010 0.000010 0.000010 0.000010
0.999950 0.000010 0.000010 0.000010 0.000010 0.000010
0.375299 0.624661 0.000010 0.000010 0.000010 0.000010
0.448269 0.493112 0.058589 0.000010 0.000010 0.000010
0.424457 0.575503 0.000010 0.000010 0.000010 0.000010
0.999950 0.000010 0.000010 0.000010 0.000010 0.000010
0.698518 0.301442 0.000010 0.000010 0.000010 0.000010
0.999950 0.000010 0.000010 0.000010 0.000010 0.000010
0.365334 0.634626 0.000010 0.000010 0.000010 0.000010
0.315637 0.684323 0.000010 0.000010 0.000010 0.000010
0.620458 0.379502 0.000010 0.000010 0.000010 0.000010
0.131750 0.868210 0.000010 0.000010 0.000010 0.000010
0.999950 0.000010 0.000010 0.000010 0.000010 0.000010
0.465796 0.534164 0.000010 0.000010 0.000010 0.000010
0.609186 0.390774 0.000010 0.000010 0.000010 0.000010
0.999950 0.000010 0.000010 0.000010 0.000010 0.000010
0.383890 0.603639 0.012442 0.000010 0.000010 0.000010
0.000010 0.000010 0.000010 0.999950 0.000010 0.000010
0.000010 0.292975 0.000010 0.706985 0.000010 0.000010
0.527535 0.420009 0.052426 0.000010 0.000010 0.000010
0.568161 0.431799 0.000010 0.000010 0.000010 0.000010
0.375284 0.624676 0.000010 0.000010 0.000010 0.000010
0.179049 0.820911 0.000010 0.000010 0.000010 0.000010
0.690683 0.309277 0.000010 0.000010 0.000010 0.000010
0.358468 0.641491 0.000011 0.000010 0.000010 0.000010
0.999950 0.000010 0.000010 0.000010 0.000010 0.000010
0.139766 0.860194 0.000010 0.000010 0.000010 0.000010
0.999950 0.000010 0.000010 0.000010 0.000010 0.000010
0.052250 0.947710 0.000010 0.000010 0.000010 0.000010
0.419778 0.580182 0.000010 0.000010 0.000010 0.000010
0.405030 0.502861 0.000010 0.092079 0.000010 0.000010
0.317214 0.592885 0.089871 0.000010 0.000010 0.000010
0.340843 0.659117 0.000010 0.000010 0.000010 0.000010
0.848724 0.151236 0.000010 0.000010 0.000010 0.000010
0.291384 0.708576 0.000010 0.000010 0.000010 0.000010
0.224018 0.775942 0.000010 0.000010 0.000010 0.000010
0.131973 0.867156 0.000841 0.000010 0.000010 0.000010
0.516112 0.483848 0.000010 0.000010 0.000010 0.000010
0.380673 0.465166 0.000010 0.154130 0.000010 0.000010
0.877902 0.122058 0.000010 0.000010 0.000010 0.000010
0.793093 0.206867 0.000010 0.000010 0.000010 0.000010
0.000010 0.133130 0.000010 0.866830 0.000010 0.000010
0.365941 0.634019 0.000010 0.000010 0.000010 0.000010
0.762420 0.237540 0.000010 0.000010 0.000010 0.000010
0.740727 0.259233 0.000010 0.000010 0.000010 0.000010
0.484541 0.515419 0.000010 0.000010 0.000010 0.000010
0.517432 0.482528 0.000010 0.000010 0.000010 0.000010
0.999950 0.000010 0.000010 0.000010 0.000010 0.000010
0.486724 0.513236 0.000010 0.000010 0.000010 0.000010
0.505405 0.494555 0.000010 0.000010 0.000010 0.000010
0.978002 0.000010 0.021958 0.000010 0.000010 0.000010
0.999948 0.000012 0.000010 0.000010 0.000010 0.000010
0.999950 0.000010 0.000010 0.000010 0.000010 0.000010
0.818193 0.181767 0.000010 0.000010 0.000010 0.000010
0.999950 0.000010 0.000010 0.000010 0.000010 0.000010
0.071038 0.928922 0.000010 0.000010 0.000010 0.000010
0.000010 0.183977 0.000010 0.815983 0.000010 0.000010
0.112304 0.552454 0.000010 0.335212 0.000010 0.000010
0.119904 0.854119 0.025947 0.000010 0.000010 0.000010
0.543678 0.023181 0.000010 0.433110 0.000010 0.000010
0.999950 0.000010 0.000010 0.000010 0.000010 0.000010
0.636044 0.338023 0.025903 0.000010 0.000010 0.000010
0.387003 0.612957 0.000010 0.000010 0.000010 0.000010
0.000010 0.267415 0.000010 0.732545 0.000010 0.000010
0.299215 0.700745 0.000010 0.000010 0.000010 0.000010
0.817732 0.182228 0.000010 0.000010 0.000010 0.000010
0.684693 0.000010 0.000010 0.315267 0.000010 0.000010
0.457341 0.501071 0.041559 0.000010 0.000010 0.000010
0.000010 0.011873 0.000010 0.988087 0.000010 0.000010
0.800894 0.199066 0.000010 0.000010 0.000010 0.000010
0.999948 0.000012 0.000010 0.000010 0.000010 0.000010
0.809800 0.190160 0.000010 0.000010 0.000010 0.000010
0.605147 0.359673 0.035150 0.000010 0.000010 0.000010
0.424643 0.575317 0.000010 0.000010 0.000010 0.000010
0.474896 0.525064 0.000010 0.000010 0.000010 0.000010
0.698549 0.301411 0.000010 0.000010 0.000010 0.000010
0.765592 0.234368 0.000010 0.000010 0.000010 0.000010
0.464341 0.535619 0.000010 0.000010 0.000010 0.000010
0.999950 0.000010 0.000010 0.000010 0.000010 0.000010
0.328300 0.671660 0.000010 0.000010 0.000010 0.000010
0.565456 0.434504 0.000010 0.000010 0.000010 0.000010
0.583011 0.416949 0.000010 0.000010 0.000010 0.000010
0.527804 0.472156 0.000010 0.000010 0.000010 0.000010
0.534864 0.465096 0.000010 0.000010 0.000010 0.000010
0.071348 0.928612 0.000010 0.000010 0.000010 0.000010
0.245985 0.000010 0.000010 0.753975 0.000010 0.000010
0.574524 0.424085 0.001361 0.000010 0.000010 0.000010
0.000010 0.999950 0.000010 0.000010 0.000010 0.000010
0.989028 0.010932 0.000010 0.000010 0.000010 0.000010
0.431320 0.568640 0.000010 0.000010 0.000010 0.000010
0.587741 0.242134 0.170086 0.000010 0.000019 0.000010
0.336996 0.662964 0.000010 0.000010 0.000010 0.000010
0.141526 0.858434 0.000010 0.000010 0.000010 0.000010
0.517039 0.482921 0.000010 0.000010 0.000010 0.000010
0.905062 0.094898 0.000010 0.000010 0.000010 0.000010
0.999950 0.000010 0.000010 0.000010 0.000010 0.000010
0.560562 0.439398 0.000010 0.000010 0.000010 0.000010
0.184973 0.814987 0.000010 0.000010 0.000010 0.000010
0.557649 0.442311 0.000010 0.000010 0.000010 0.000010
0.260836 0.000010 0.000010 0.739124 0.000010 0.000010
0.999950 0.000010 0.000010 0.000010 0.000010 0.000010
0.331695 0.668265 0.000010 0.000010 0.000010 0.000010
0.511326 0.488634 0.000010 0.000010 0.000010 0.000010
0.000010 0.526229 0.000010 0.473731 0.000010 0.000010
0.733976 0.265984 0.000010 0.000010 0.000010 0.000010
0.700830 0.299130 0.000010 0.000010 0.000010 0.000010
0.766371 0.233589 0.000010 0.000010 0.000010 0.000010
0.729506 0.214170 0.056293 0.000010 0.000010 0.000010
0.719154 0.235314 0.045502 0.000010 0.000010 0.000010
0.999950 0.000010 0.000010 0.000010 0.000010 0.000010
0.476748 0.523212 0.000010 0.000010 0.000010 0.000010
0.999950 0.000010 0.000010 0.000010 0.000010 0.000010
0.278948 0.721012 0.000010 0.000010 0.000010 0.000010
0.093204 0.906756 0.000010 0.000010 0.000010 0.000010
0.056143 0.943817 0.000010 0.000010 0.000010 0.000010
0.999950 0.000010 0.000010 0.000010 0.000010 0.000010
0.238809 0.761151 0.000010 0.000010 0.000010 0.000010
0.316387 0.683573 0.000010 0.000010 0.000010 0.000010
0.458865 0.541095 0.000010 0.000010 0.000010 0.000010
0.662682 0.337278 0.000010 0.000010 0.000010 0.000010
0.052976 0.946984 0.000010 0.000010 0.000010 0.000010
0.506357 0.493603 0.000010 0.000010 0.000010 0.000010
0.016884 0.983076 0.000010 0.000010 0.000010 0.000010
0.341302 0.658658 0.000010 0.000010 0.000010 0.000010
0.139846 0.836034 0.024090 0.000010 0.000010 0.000010
0.566010 0.433950 0.000010 0.000010 0.000010 0.000010
0.403135 0.596825 0.000010 0.000010 0.000010 0.000010
0.717034 0.282926 0.000010 0.000010 0.000010 0.000010
0.999950 0.000010 0.000010 0.000010 0.000010 0.000010
0.824260 0.175700 0.000010 0.000010 0.000010 0.000010
0.719485 0.280475 0.000010 0.000010 0.000010 0.000010
0.135957 0.864003 0.000010 0.000010 0.000010 0.000010
0.116849 0.883111 0.000010 0.000010 0.000010 0.000010
0.414011 0.585949 0.000010 0.000010 0.000010 0.000010
0.380912 0.619048 0.000010 0.000010 0.000010 0.000010
0.720095 0.279865 0.000010 0.000010 0.000010 0.000010
0.000010 0.000010 0.000010 0.999950 0.000010 0.000010
0.441769 0.558191 0.000010 0.000010 0.000010 0.000010
0.212343 0.787612 0.000010 0.000014 0.000010 0.000010
0.999946 0.000010 0.000014 0.000010 0.000010 0.000010
0.999950 0.000010 0.000010 0.000010 0.000010 0.000010
0.715207 0.284753 0.000010 0.000010 0.000010 0.000010
0.072062 0.927898 0.000010 0.000010 0.000010 0.000010
0.206153 0.793807 0.000010 0.000010 0.000010 0.000010
0.999950 0.000010 0.000010 0.000010 0.000010 0.000010
0.617226 0.382734 0.000010 0.000010 0.000010 0.000010
0.218048 0.781912 0.000010 0.000010 0.000010 0.000010
0.263578 0.708793 0.027598 0.000010 0.000010 0.000010
0.162953 0.529289 0.000010 0.307729 0.000010 0.000010
0.763754 0.236206 0.000010 0.000010 0.000010 0.000010
0.050163 0.493263 0.000010 0.000010 0.000010 0.456543
0.000010 0.000010 0.000010 0.000010 0.000010 0.999950
0.000010 0.999950 0.000010 0.000010 0.000010 0.000010
0.000010 0.997535 0.002424 0.000011 0.000010 0.000010
0.000010 0.783374 0.000010 0.000010 0.000010 0.216586
0.000010 0.849367 0.000010 0.000010 0.000010 0.150593
0.000010 0.525145 0.000010 0.000010 0.000010 0.474815
0.000010 0.199209 0.032444 0.000010 0.000010 0.768317
0.000010 0.202550 0.000011 0.000010 0.000010 0.797409
0.113589 0.000010 0.000010 0.000010 0.000010 0.886371
0.000010 0.411758 0.000010 0.000010 0.000010 0.588202
0.000010 0.999950 0.000010 0.000010 0.000010 0.000010
0.000010 0.000010 0.000010 0.999950 0.000010 0.000010
0.000010 0.000010 0.000010 0.999950 0.000010 0.000010
0.000010 0.319087 0.038382 0.000010 0.000010 0.642501
0.015795 0.729117 0.000010 0.000010 0.000010 0.255058
0.000010 0.999950 0.000010 0.000010 0.000010 0.000010
0.000010 0.058936 0.000010 0.000010 0.000010 0.941024
0.027370 0.749613 0.000010 0.000010 0.000010 0.222987
0.131796 0.346479 0.000010 0.000010 0.000010 0.521695
0.000010 0.780066 0.000010 0.140274 0.000010 0.079630
0.035630 0.837984 0.000010 0.000010 0.000010 0.126356
0.000010 0.161647 0.000010 0.000010 0.000010 0.838313
0.039633 0.371334 0.000010 0.000010 0.000010 0.589003
0.044907 0.777095 0.000010 0.000010 0.000010 0.177968
0.000010 0.287735 0.000010 0.000010 0.000010 0.712225
0.000010 0.730326 0.000010 0.043133 0.000010 0.226511
0.000010 0.872228 0.000010 0.000010 0.000010 0.127732
0.000010 0.000010 0.029191 0.879626 0.000010 0.091153
0.139259 0.525572 0.000010 0.000010 0.000010 0.335138
0.000010 0.000010 0.000010 0.000010 0.000010 0.999950
0.000010 0.877083 0.000010 0.000010 0.000010 0.122877
0.000010 0.641545 0.000010 0.000010 0.000010 0.358415
0.000010 0.432265 0.000010 0.000010 0.000010 0.567695
0.000010 0.479159 0.000010 0.000010 0.000010 0.520801
0.000010 0.786667 0.000010 0.000010 0.000010 0.213293
0.000010 0.236358 0.000010 0.000010 0.000010 0.763602
0.000010 0.854236 0.000010 0.000010 0.000010 0.145724
0.000010 0.834824 0.000010 0.000010 0.000010 0.165136
0.000010 0.737208 0.000010 0.000010 0.000010 0.262752
0.000010 0.999950 0.000010 0.000010 0.000010 0.000010
0.050952 0.603980 0.000010 0.000010 0.000010 0.345039
0.000010 0.999950 0.000010 0.000010 0.000010 0.000010
0.000010 0.423760 0.000010 0.000010 0.000010 0.576200
0.000010 0.606749 0.000010 0.000010 0.000010 0.393211
0.000010 0.869001 0.000010 0.000010 0.000010 0.130959
0.073733 0.373817 0.036766 0.000010 0.000010 0.515664
0.000010 0.829412 0.000010 0.000010 0.000010 0.170548
0.000010 0.122115 0.000010 0.000010 0.000010 0.877845
0.000010 0.149800 0.000010 0.000010 0.000010 0.850160
0.000010 0.337182 0.000010 0.000010 0.000010 0.662778
0.000010 0.615077 0.000010 0.000010 0.000010 0.384883
0.000010 0.999950 0.000010 0.000010 0.000010 0.000010
0.000010 0.999950 0.000010 0.000010 0.000010 0.000010
0.000010 0.393418 0.000010 0.000010 0.000010 0.606542
0.214036 0.358875 0.000010 0.000010 0.000010 0.427059
0.000010 0.272487 0.000010 0.000010 0.000010 0.727473
0.042032 0.177563 0.000010 0.000010 0.000010 0.780375
0.000010 0.999950 0.000010 0.000010 0.000010 0.000010
0.013982 0.879802 0.000010 0.000010 0.000010 0.106187
0.000010 0.837884 0.000010 0.000010 0.000010 0.162076
0.000010 0.774220 0.000010 0.000015 0.000010 0.225735
0.000010 0.000010 0.000010 0.000010 0.000010 0.999950
0.000010 0.347481 0.000010 0.000010 0.000010 0.652479
0.096432 0.409124 0.098806 0.000010 0.000010 0.395618
0.000010 0.043110 0.000010 0.956850 0.000010 0.000010
0.066556 0.764669 0.000010 0.000010 0.000010 0.168745
0.000010 0.595896 0.047355 0.000010 0.000010 0.356719
0.000010 0.236618 0.051323 0.000010 0.000010 0.712028
0.000015 0.000010 0.000010 0.999945 0.000010 0.000010
0.000010 0.565463 0.000010 0.000010 0.000010 0.434497
0.000010 0.803666 0.000010 0.000010 0.000010 0.196294
0.000010 0.999950 0.000010 0.000010 0.000010 0.000010
0.000010 0.812575 0.000010 0.000010 0.000010 0.187385
0.000010 0.209350 0.000010 0.000010 0.000010 0.790610
0.000010 0.585380 0.000010 0.000010 0.000010 0.414580
0.000010 0.000010 0.000010 0.000010 0.000010 0.999950
0.000010 0.820631 0.013965 0.000010 0.000010 0.165374
0.000010 0.273416 0.031799 0.000010 0.000010 0.694756
0.000010 0.027900 0.000010 0.000010 0.000010 0.972060
0.000010 0.971571 0.000010 0.000010 0.000010 0.028389
0.000010 0.873960 0.000010 0.000010 0.000010 0.126000
0.000010 0.405414 0.000010 0.000010 0.000010 0.594546
0.000010 0.553006 0.000010 0.256303 0.000010 0.190662
0.000010 0.509096 0.001932 0.000010 0.000010 0.488942
0.000010 0.310316 0.000010 0.000010 0.000010 0.689644
0.000010 0.631529 0.000010 0.000010 0.000010 0.368431
0.000010 0.703565 0.000011 0.000010 0.000010 0.296394
0.000010 0.910039 0.000010 0.000010 0.000010 0.089921
0.047053 0.293082 0.000010 0.000010 0.000010 0.659835
0.000010 0.000010 0.000010 0.000010 0.000010 0.999950
0.000010 0.260543 0.000010 0.000010 0.000010 0.739417
0.000010 0.746208 0.011439 0.000010 0.000010 0.242323
0.000010 0.826000 0.000010 0.000010 0.000010 0.173960
0.000010 0.853577 0.000010 0.000010 0.000010 0.146383
0.000010 0.000010 0.000010 0.000010 0.000010 0.999950
0.000010 0.466464 0.000010 0.533496 0.000010 0.000010
0.000010 0.000010 0.000010 0.000010 0.000010 0.999950
0.000010 0.766704 0.000010 0.000010 0.000010 0.233256
0.052894 0.672063 0.000010 0.067261 0.094431 0.113341
0.000010 0.999950 0.000010 0.000010 0.000010 0.000010
0.000010 0.636900 0.000010 0.000010 0.000010 0.363060
0.000010 0.364021 0.000010 0.000010 0.000010 0.635939
0.000010 0.882345 0.000010 0.000010 0.000010 0.117615
0.000010 0.985981 0.013979 0.000010 0.000010 0.000010
0.000010 0.866802 0.000010 0.000010 0.000010 0.133158
0.000010 0.347776 0.000010 0.000010 0.000010 0.652184
0.000010 0.519164 0.000010 0.061831 0.000010 0.418975
0.000010 0.273337 0.000010 0.000010 0.000010 0.726623
0.000010 0.953450 0.000010 0.000010 0.000010 0.046510
0.030862 0.865541 0.000010 0.000010 0.000010 0.103568
0.000010 0.555722 0.037106 0.000010 0.000010 0.407143
0.000010 0.380314 0.000010 0.000010 0.000010 0.619646
0.000010 0.519212 0.000010 0.000010 0.000010 0.480748
0.000010 0.090692 0.000010 0.000010 0.000010 0.909268
0.000010 0.902151 0.017805 0.000010 0.000010 0.080014
0.025057 0.741949 0.002231 0.000010 0.000010 0.230744
0.000010 0.912514 0.000010 0.000010 0.000010 0.087446
0.000010 0.399315 0.000010 0.000010 0.000010 0.600645
0.142966 0.308667 0.000010 0.000010 0.000010 0.548338
0.000010 0.697338 0.000010 0.000010 0.000010 0.302622
0.048838 0.749336 0.000010 0.000010 0.000010 0.201795
0.089641 0.851709 0.000010 0.000010 0.000010 0.058620
0.000010 0.186193 0.000010 0.000010 0.000010 0.813767
0.000010 0.869863 0.000010 0.000010 0.000010 0.130097
0.000010 0.790425 0.000010 0.000010 0.000010 0.209535
0.000010 0.999950 0.000010 0.000010 0.000010 0.000010
0.000010 0.418056 0.000010 0.000010 0.000010 0.581904
0.000010 0.510978 0.000010 0.000010 0.000010 0.488982
0.000010 0.805789 0.031944 0.000010 0.000010 0.162237
0.000010 0.000010 0.000010 0.000010 0.000010 0.999950
0.000010 0.129120 0.000010 0.000012 0.000010 0.870838
0.000010 0.500264 0.000010 0.000010 0.000010 0.499696
0.000010 0.000010 0.000010 0.999950 0.000010 0.000010
0.000010 0.925635 0.000010 0.000010 0.000010 0.074325
0.000010 0.809074 0.022351 0.000010 0.000010 0.168545
0.000010 0.795380 0.000010 0.000010 0.000010 0.204580
0.000010 0.538104 0.000010 0.000010 0.000010 0.461856
0.049783 0.786564 0.028957 0.000010 0.000010 0.134676
0.000010 0.137852 0.000010 0.000010 0.000010 0.862108
0.000010 0.000010 0.000010 0.000010 0.000010 0.999950
0.000010 0.323420 0.000010 0.676540 0.000010 0.000010
0.000010 0.864995 0.000010 0.000010 0.000010 0.134965
0.021313 0.568380 0.000010 0.000010 0.410277 0.000010
0.000010 0.211094 0.000010 0.000010 0.788866 0.000010
0.000010 0.806416 0.000010 0.007995 0.185559 0.000010
0.098463 0.184325 0.000010 0.000010 0.554384 0.162808
0.000010 0.819167 0.000010 0.000010 0.180793 0.000010
0.000020 0.000010 0.000010 0.000010 0.999940 0.000010
0.091624 0.260281 0.000010 0.000010 0.648065 0.000010
0.000010 0.671535 0.000010 0.000012 0.328422 0.000010
0.000010 0.000010 0.000010 0.959349 0.040611 0.000010
0.000010 0.029255 0.000010 0.970705 0.000010 0.000010
0.000010 0.360975 0.000010 0.000010 0.638985 0.000010
0.056092 0.690303 0.000010 0.000010 0.000010 0.253575
0.067421 0.598752 0.000010 0.000010 0.272106 0.061701
0.000010 0.622438 0.000010 0.000010 0.000010 0.377522
0.000010 0.284645 0.010997 0.000010 0.533752 0.170586
0.000010 0.000010 0.018260 0.170799 0.541670 0.269251
0.000010 0.000010 0.000010 0.999950 0.000010 0.000010
0.000010 0.818525 0.000010 0.000010 0.000010 0.181435
0.000010 0.413831 0.000010 0.000010 0.586129 0.000010
0.000010 0.000010 0.000010 0.999950 0.000010 0.000010
0.000010 0.000010 0.000010 0.000010 0.476063 0.523897
0.000012 0.457745 0.000010 0.073386 0.309902 0.158945
0.000010 0.987412 0.000010 0.000010 0.012548 0.000010
0.000010 0.890256 0.000010 0.000010 0.000010 0.109704
0.000010 0.781467 0.000010 0.000010 0.000010 0.218493
0.000010 0.000010 0.000010 0.336126 0.663834 0.000010
0.000010 0.545151 0.000010 0.000010 0.000010 0.454809
0.000010 0.969003 0.000010 0.000010 0.030957 0.000010
0.000010 0.000010 0.000010 0.631992 0.367968 0.000010
0.000010 0.750646 0.000010 0.000010 0.249314 0.000010
0.000010 0.664809 0.000010 0.000010 0.000010 0.335151
0.013526 0.794637 0.062842 0.000010 0.128975 0.000010
0.113776 0.133178 0.000010 0.753016 0.000010 0.000010
0.000010 0.628623 0.000010 0.000010 0.000010 0.371337
0.000010 0.299442 0.000010 0.321143 0.379385 0.000010
0.000010 0.000010 0.000010 0.999950 0.000010 0.000010
0.000010 0.296919 0.000010 0.000010 0.703041 0.000010
0.000010 0.322264 0.000010 0.000010 0.561660 0.116046
0.055813 0.209665 0.000010 0.000010 0.495959 0.238544
0.000010 0.724682 0.000010 0.000010 0.219704 0.055584
0.002450 0.406008 0.000010 0.000010 0.365386 0.226135
0.000010 0.000010 0.000010 0.000010 0.999950 0.000010
0.000010 0.760074 0.026057 0.000010 0.181925 0.031924
0.000010 0.721065 0.000010 0.000010 0.278895 0.000010
0.000010 0.790387 0.000010 0.000010 0.148562 0.061020
0.000010 0.596687 0.000010 0.024973 0.275041 0.103280
0.000010 0.735534 0.000010 0.000010 0.182744 0.081692
0.000010 0.496233 0.000010 0.000010 0.503727 0.000010
0.000010 0.082217 0.000010 0.000010 0.047028 0.870725
0.060680 0.461052 0.033162 0.040919 0.404177 0.000010
0.000010 0.000010 0.000010 0.000010 0.750008 0.249952
0.343020 0.444388 0.058051 0.000010 0.053537 0.100994
0.000010 0.815187 0.000010 0.000010 0.184773 0.000010
0.000010 0.000010 0.019993 0.979963 0.000014 0.000010
0.000010 0.760455 0.000010 0.000010 0.239505 0.000010
0.000010 0.851814 0.000010 0.000010 0.148146 0.000010
0.000010 0.206721 0.044646 0.000010 0.561965 0.186648
0.110204 0.543503 0.023548 0.000010 0.322725 0.000010
0.000010 0.350060 0.000010 0.000010 0.649900 0.000010
0.000010 0.763450 0.000010 0.000010 0.236510 0.000010
0.000010 0.529312 0.000010 0.173578 0.297080 0.000010
0.073427 0.592166 0.000010 0.050461 0.181659 0.102278
0.000010 0.000010 0.021697 0.000010 0.834573 0.143699
0.000010 0.740090 0.024310 0.000010 0.235570 0.000010
0.033729 0.491831 0.000010 0.000010 0.474409 0.000010
0.000010 0.000010 0.000010 0.000010 0.737093 0.262867
0.000010 0.474563 0.000010 0.000010 0.525397 0.000010
0.000010 0.447166 0.036724 0.000010 0.516080 0.000010
0.033504 0.685238 0.000010 0.000010 0.221309 0.059929
0.000010 0.812721 0.000010 0.000010 0.187239 0.000010
0.102547 0.815457 0.000010 0.000010 0.081966 0.000010
0.000010 0.729660 0.000010 0.000010 0.000010 0.270300
0.071699 0.596033 0.000010 0.000010 0.275392 0.056856
0.000010 0.781725 0.033851 0.000010 0.184394 0.000010
0.000010 0.679108 0.032471 0.000010 0.288392 0.000010
0.000010 0.718802 0.000010 0.000010 0.281158 0.000010
0.160236 0.116034 0.000010 0.000010 0.723701 0.000010
0.000010 0.000010 0.000010 0.999950 0.000010 0.000010
0.000010 0.420289 0.000010 0.000010 0.579671 0.000010
0.000010 0.520908 0.000010 0.000010 0.479052 0.000010
0.000010 0.000010 0.000010 0.000010 0.999950 0.000010
0.000010 0.000010 0.000010 0.000010 0.999950 0.000010
0.000010 0.607129 0.000018 0.000010 0.392823 0.000010
0.000010 0.510703 0.000010 0.000010 0.489257 0.000010
0.026774 0.347562 0.049868 0.000010 0.575775 0.000010
0.000010 0.605684 0.000010 0.000010 0.275183 0.119102
0.000010 0.000010 0.000010 0.999950 0.000010 0.000010
0.000010 0.680732 0.000010 0.000010 0.319228 0.000010
0.000010 0.504269 0.000010 0.000010 0.302181 0.193520
0.000010 0.334947 0.000010 0.000010 0.665013 0.000010
0.000010 0.424881 0.000010 0.000010 0.575079 0.000010
0.000010 0.774722 0.000010 0.000010 0.204772 0.020476
0.000010 0.757304 0.000010 0.000010 0.242656 0.000010
0.000010 0.705577 0.036602 0.000010 0.257790 0.000010
0.000010 0.627093 0.039584 0.000010 0.333293 0.000010
0.000010 0.117058 0.000010 0.000010 0.549912 0.333000
0.000010 0.000010 0.000010 0.281847 0.453094 0.265029
0.000010 0.768236 0.000010 0.000010 0.231724 0.000010
0.089153 0.237512 0.053284 0.000010 0.620031 0.000010
0.000010 0.815890 0.000011 0.000010 0.078842 0.105237
0.000010 0.278466 0.000010 0.327789 0.184821 0.208904
0.000010 0.642584 0.000010 0.000010 0.357376 0.000010
0.000010 0.050733 0.009211 0.000010 0.578839 0.361198
0.112014 0.119081 0.038508 0.000010 0.567813 0.162574
0.000015 0.719442 0.021886 0.000010 0.258638 0.000010
0.000010 0.781467 0.000010 0.000010 0.218493 0.000010
0.000010 0.647071 0.000010 0.000010 0.352889 0.000010
0.000010 0.517697 0.000010 0.000010 0.482263 0.000010
0.038363 0.699983 0.000010 0.000010 0.261624 0.000010
0.000010 0.000010 0.034949 0.965011 0.000010 0.000010
0.000010 0.838278 0.000010 0.000010 0.000010 0.161682
0.000010 0.000010 0.000016 0.000010 0.999944 0.000010
0.000010 0.778363 0.000010 0.000010 0.221597 0.000010
0.000010 0.000010 0.000010 0.544038 0.000010 0.455922
0.000010 0.185031 0.006011 0.141844 0.667094 0.000010
0.000010 0.000010 0.000010 0.000010 0.999950 0.000010
0.000010 0.860469 0.000010 0.000010 0.139491 0.000010
0.000010 0.776113 0.000010 0.000010 0.223847 0.000010
0.019173 0.433394 0.000010 0.000010 0.449895 0.097518
0.018739 0.435843 0.027246 0.093063 0.425099 0.000010
0.000010 0.000010 0.019768 0.848048 0.000010 0.132154
0.030474 0.543893 0.026248 0.293885 0.000010 0.105491
0.000010 0.120896 0.000010 0.000010 0.741003 0.138072
0.117788 0.477889 0.058134 0.000010 0.346169 0.000010
0.029771 0.022938 0.000010 0.468155 0.479115 0.000010
0.027072 0.263510 0.000010 0.000010 0.606721 0.102678
0.000010 0.039627 0.000010 0.000010 0.960333 0.000010
0.000010 0.318573 0.000010 0.000010 0.681387 0.000010
0.030436 0.838626 0.000010 0.000010 0.000010 0.130908
0.000010 0.745077 0.000010 0.000010 0.254883 0.000010
0.136778 0.238266 0.021999 0.000010 0.452773 0.150174
0.000010 0.160822 0.000010 0.816972 0.000010 0.022176
0.000010 0.882116 0.000010 0.000010 0.117844 0.000010
0.000010 0.728076 0.000010 0.196693 0.000010 0.075201
0.000010 0.059606 0.000010 0.299809 0.489169 0.151396
0.000010 0.272447 0.000010 0.000010 0.727513 0.000010
0.047547 0.527396 0.015577 0.000010 0.204725 0.204744
0.000010 0.736194 0.000010 0.000010 0.263766 0.000010
0.000010 0.542671 0.000010 0.000010 0.000010 0.457289
0.000010 0.117703 0.000010 0.747172 0.000010 0.135096
0.000010 0.512623 0.000010 0.000010 0.344078 0.143269
0.134780 0.306827 0.033689 0.000010 0.524685 0.000010
0.000010 0.000010 0.000010 0.000010 0.240748 0.759212
0.000010 0.361619 0.000010 0.000010 0.638341 0.000010
0.000010 0.407008 0.000010 0.543335 0.000010 0.049627
0.000010 0.615285 0.000010 0.000010 0.315017 0.069668
0.000010 0.669762 0.000010 0.000010 0.330198 0.000010
0.125724 0.254192 0.000010 0.129106 0.385654 0.105314
0.000010 0.624429 0.000010 0.000010 0.375531 0.000010
0.000010 0.000010 0.000010 0.000010 0.471730 0.528230
0.000018 0.494775 0.000010 0.000010 0.285513 0.219674
0.000010 0.383567 0.000010 0.000010 0.426051 0.190351
0.006416 0.543884 0.017435 0.000010 0.250982 0.181274
0.000010 0.792519 0.000010 0.000010 0.137131 0.070320
0.000010 0.000010 0.000010 0.999950 0.000010 0.000010
0.000010 0.000010 0.000010 0.000010 0.999950 0.000010
0.000010 0.000010 0.032560 0.000010 0.674847 0.292563
0.000010 0.787219 0.000010 0.000010 0.212741 0.000010
0.000010 0.852522 0.000010 0.000010 0.147438 0.000010
0.017603 0.852113 0.000010 0.000010 0.000010 0.130255
0.000018 0.000010 0.000010 0.000010 0.999942 0.000010
0.000010 0.206614 0.000010 0.000010 0.793346 0.000010
0.000010 0.000010 0.022224 0.000010 0.781851 0.195895
0.000010 0.119633 0.000010 0.880327 0.000010 0.000010
0.000010 0.861863 0.000010 0.000010 0.000010 0.138097
0.000010 0.804853 0.000010 0.000010 0.000010 0.195107
0.000010 0.394386 0.060065 0.000010 0.000010 0.545520
0.000010 0.413501 0.000010 0.094359 0.000010 0.492110
0.000010 0.681075 0.047622 0.000010 0.000010 0.271273
0.000010 0.738473 0.000010 0.000010 0.000010 0.261487
0.109205 0.560985 0.000010 0.000010 0.000010 0.329781
0.028854 0.408441 0.000010 0.000010 0.000010 0.562676
0.000010 0.341186 0.000010 0.000010 0.000010 0.658774
0.000010 0.569000 0.000010 0.000010 0.000010 0.430960
0.000010 0.383992 0.000010 0.000010 0.000010 0.615968
0.039324 0.491814 0.000010 0.000010 0.400845 0.067997
0.000010 0.784794 0.003445 0.000010 0.171067 0.040674
0.000010 0.858942 0.000010 0.000010 0.141018 0.000010
0.060379 0.000010 0.000010 0.629194 0.310397 0.000010
0.077897 0.302066 0.000010 0.000010 0.467471 0.152546
0.000010 0.368364 0.000010 0.000010 0.631596 0.000010
0.000010 0.437893 0.000010 0.000010 0.495641 0.066436
0.068641 0.000010 0.000010 0.000010 0.704540 0.226789
0.000010 0.574891 0.000010 0.000010 0.425069 0.000010
0.000010 0.471533 0.000010 0.000010 0.528427 0.000010
0.022757 0.816987 0.000010 0.000010 0.000010 0.160226
0.000010 0.192782 0.000010 0.000010 0.807178 0.000010
0.000010 0.569885 0.000010 0.000010 0.195403 0.234682
0.000010 0.367934 0.037029 0.000010 0.595007 0.000010
0.115172 0.467310 0.000010 0.000010 0.274725 0.142773
0.000010 0.000010 0.000010 0.999950 0.000010 0.000010
0.000010 0.000010 0.000010 0.658994 0.206717 0.134259
0.000010 0.461808 0.000010 0.000010 0.538152 0.000010
0.000010 0.227544 0.026619 0.000010 0.422960 0.322858
0.000010 0.000010 0.000010 0.751863 0.248097 0.000010
0.000010 0.497892 0.000010 0.000010 0.285061 0.217017
0.000010 0.843187 0.000010 0.000010 0.000010 0.156773
0.000010 0.159299 0.000010 0.000010 0.840661 0.000010
0.000010 0.193254 0.000010 0.000010 0.000010 0.806706
0.000010 0.378340 0.000010 0.000010 0.621620 0.000010
0.000010 0.167888 0.052202 0.000010 0.779881 0.000010
0.000010 0.735584 0.000010 0.000010 0.264376 0.000010
0.000010 0.353688 0.022594 0.000010 0.623688 0.000010
0.000010 0.441758 0.000010 0.000010 0.558202 0.000010
0.000010 0.420154 0.000010 0.000010 0.491470 0.088346
0.000010 0.000010 0.000010 0.645609 0.354351 0.000010
0.000010 0.000010 0.000010 0.000010 0.999950 0.000010
0.000010 0.000010 0.000010 0.000010 0.861698 0.138262
0.000010 0.497320 0.000010 0.000010 0.502640 0.000010
0.000010 0.302747 0.000010 0.000010 0.697213 0.000010
0.000010 0.601495 0.000010 0.000010 0.398465 0.000010
0.007253 0.600385 0.000010 0.000010 0.392331 0.000010
0.000010 0.212014 0.000010 0.000010 0.524711 0.263245
0.000010 0.000010 0.000010 0.000010 0.742973 0.256987
0.000010 0.236586 0.000010 0.000010 0.763374 0.000010
0.000010 0.000010 0.000010 0.000010 0.747272 0.252688
0.000010 0.119679 0.000010 0.000010 0.880281 0.000010
0.473646 0.526314 0.000010 0.000010 0.000010 0.000010
0.021898 0.000010 0.000010 0.883227 0.094845 0.000010
0.000010 0.000010 0.000010 0.877829 0.122131 0.000010
0.000010 0.314611 0.024506 0.000010 0.660853 0.000010
0.000010 0.311131 0.000010 0.000010 0.688829 0.000010
0.000010 0.713465 0.025457 0.000010 0.261047 0.000010
0.026192 0.000010 0.017412 0.000012 0.956364 0.000010
0.000010 0.535999 0.000010 0.000010 0.323305 0.140667
0.000010 0.659478 0.000010 0.000010 0.340482 0.000010
0.000010 0.642892 0.000010 0.000010 0.357068 0.000010
0.065218 0.697298 0.000010 0.000010 0.237453 0.000010
0.000010 0.000010 0.000010 0.537435 0.462525 0.000010
0.000010 0.783808 0.000010 0.000010 0.216152 0.000010
0.000010 0.855330 0.000010 0.000010 0.144630 0.000010
0.000010 0.599648 0.000010 0.000010 0.400312 0.000010
0.000010 0.225731 0.000010 0.735877 0.000010 0.038362
0.000010 0.546572 0.000010 0.000010 0.453388 0.000010
0.121956 0.119587 0.071144 0.000010 0.400907 0.286396
0.063426 0.196079 0.000010 0.000010 0.589843 0.150632
0.000010 0.273588 0.000010 0.000010 0.561236 0.165145
0.000011 0.000010 0.003260 0.000010 0.996699 0.000010
0.054501 0.000010 0.042809 0.224986 0.677684 0.000010
0.000010 0.239397 0.000010 0.000010 0.760563 0.000010
0.000010 0.000010 0.000010 0.999950 0.000010 0.000010
0.000010 0.353931 0.000010 0.000010 0.515678 0.130360
0.000010 0.007224 0.000010 0.992736 0.000010 0.000010
0.000010 0.361123 0.000010 0.235606 0.403241 0.000010
0.064106 0.543139 0.000010 0.000010 0.392725 0.000010
0.000010 0.352462 0.000010 0.000010 0.401922 0.245587
0.000010 0.301314 0.000010 0.214596 0.346862 0.137208
0.121840 0.028485 0.000010 0.000010 0.606284 0.243371
0.000010 0.179434 0.000010 0.000010 0.820526 0.000010
0.000010 0.000010 0.000010 0.745064 0.000010 0.254896
0.000010 0.190838 0.051884 0.000010 0.560908 0.196350
0.000010 0.187477 0.000010 0.000010 0.812483 0.000010
0.000010 0.541962 0.000010 0.000010 0.457998 0.000010
0.000010 0.788788 0.000010 0.000010 0.211172 0.000010
0.000010 0.389331 0.000010 0.068933 0.541706 0.000010
0.000010 0.383888 0.000010 0.000010 0.616072 0.000010
0.000010 0.466690 0.000010 0.000010 0.533270 0.000010
0.068065 0.228751 0.000010 0.000010 0.703153 0.000010
0.000010 0.000010 0.000010 0.999950 0.000010 0.000010
0.000010 0.000010 0.000010 0.297128 0.505424 0.197418
0.000010 0.734952 0.000010 0.000010 0.265008 0.000010
0.000010 0.383503 0.350366 0.266101 0.000010 0.000010
0.000010 0.112653 0.000010 0.000011 0.887306 0.000010
0.000013 0.999947 0.000010 0.000010 0.000010 0.000010
0.000010 0.564481 0.000010 0.000010 0.435479 0.000010
0.000010 0.561559 0.000010 0.000010 0.438401 0.000010
0.000010 0.115918 0.000010 0.000010 0.884042 0.000010
0.000010 0.305994 0.000010 0.000010 0.693966 0.000010
0.000010 0.765180 0.000010 0.000010 0.142639 0.092151
0.055584 0.613618 0.000010 0.000010 0.229549 0.101228
0.000010 0.755231 0.000010 0.000010 0.244729 0.000010
0.000010 0.435999 0.000010 0.000010 0.563961 0.000010
0.000010 0.000010 0.000010 0.999950 0.000010 0.000010
0.000010 0.000010 0.000010 0.999950 0.000010 0.000010
0.000010 0.000010 0.026567 0.159674 0.630779 0.182960
0.000010 0.591021 0.000010 0.000010 0.408939 0.000010
0.000010 0.098780 0.000010 0.088264 0.812926 0.000010
0.000010 0.494788 0.059913 0.269552 0.175727 0.000010
0.000010 0.138217 0.000010 0.000010 0.861743 0.000010
0.000010 0.393052 0.000010 0.187397 0.419521 0.000010
0.000010 0.179831 0.066274 0.370581 0.000010 0.383294
0.000010 0.000010 0.000010 0.999950 0.000010 0.000010
0.000010 0.000010 0.000010 0.000010 0.999950 0.000010
0.000010 0.403296 0.000010 0.000010 0.596664 0.000010
0.085005 0.432102 0.000010 0.000010 0.482864 0.000010
0.000010 0.138736 0.000010 0.000010 0.861224 0.000010
0.000010 0.000010 0.000010 0.000010 0.999950 0.000010
0.000010 0.783899 0.020859 0.000010 0.195212 0.000010
0.000010 0.886043 0.000010 0.000010 0.113917 0.000010
0.000010 0.743277 0.000010 0.000010 0.087617 0.169076
0.005739 0.137004 0.000010 0.000010 0.656653 0.200584
0.070092 0.000010 0.000010 0.740620 0.189258 0.000010
0.000010 0.530456 0.064252 0.000010 0.405262 0.000010
0.000010 0.714564 0.000010 0.000010 0.285396 0.000010
0.000010 0.002404 0.000010 0.000010 0.997556 0.000010
0.039263 0.235091 0.034108 0.170283 0.385829 0.135426
0.108887 0.080852 0.000010 0.000010 0.810231 0.000010
0.000010 0.246442 0.000010 0.000010 0.753518 0.000010
0.141836 0.000010 0.000010 0.179227 0.678906 0.000010
0.000010 0.189561 0.418385 0.392025 0.000010 0.000010
0.000010 0.270705 0.008622 0.054263 0.400451 0.265950
0.000010 0.326816 0.000012 0.000010 0.057438 0.615714
0.000010 0.000010 0.000010 0.999950 0.000010 0.000010
0.000010 0.076212 0.000010 0.923748 0.000010 0.000010
0.000010 0.035640 0.063254 0.000010 0.901076 0.000010
0.000010 0.530217 0.432317 0.000010 0.000010 0.037436
0.000010 0.253821 0.022745 0.000010 0.584156 0.139258
0.036804 0.037515 0.000010 0.356874 0.413503 0.155294
0.175771 0.159097 0.000010 0.000010 0.665103 0.000010
0.142148 0.063264 0.006779 0.000010 0.475452 0.312348
0.000010 0.004535 0.000010 0.000010 0.787790 0.207644
0.103836 0.131449 0.000496 0.000010 0.684619 0.079590
0.000010 0.545218 0.000010 0.000010 0.454742 0.000010
0.000010 0.040827 0.014123 0.330484 0.530023 0.084533
0.000010 0.132822 0.043605 0.000010 0.823543 0.000010
0.000010 0.298342 0.000010 0.000010 0.431193 0.270435
0.185612 0.124917 0.000010 0.146025 0.337994 0.205441
0.009054 0.320141 0.000010 0.047567 0.508585 0.114643
0.094633 0.603065 0.000010 0.045070 0.257211 0.000010
0.000010 0.000010 0.000010 0.000010 0.999950 0.000010
0.000010 0.670929 0.000010 0.000010 0.000010 0.329031
0.000010 0.256598 0.000010 0.000010 0.743362 0.000010
0.053930 0.000010 0.084810 0.287663 0.429895 0.143691
0.000010 0.385690 0.063641 0.000010 0.362322 0.188327
0.000010 0.463792 0.000010 0.000010 0.536168 0.000010
0.000010 0.694686 0.000010 0.000010 0.305274 0.000010
0.004237 0.212730 0.000010 0.235557 0.461140 0.086327
0.000010 0.617268 0.000010 0.000010 0.382692 0.000010
0.116155 0.000010 0.000010 0.000010 0.779130 0.104685
0.046415 0.453144 0.024226 0.000010 0.310209 0.165996
0.000010 0.202621 0.000010 0.000010 0.797339 0.000010
0.000010 0.734743 0.000010 0.000010 0.180386 0.084841
0.045781 0.764947 0.000010 0.000010 0.189242 0.000010
0.000010 0.000010 0.000010 0.999950 0.000010 0.000010
0.064293 0.449352 0.000010 0.058161 0.428174 0.000010
0.000010 0.471389 0.019237 0.141950 0.269582 0.097833
0.000010 0.464278 0.041065 0.000010 0.286228 0.208408
0.024174 0.629843 0.043434 0.000010 0.229242 0.073298
0.060516 0.210505 0.000010 0.205441 0.523519 0.000010
0.035316 0.440903 0.000010 0.000010 0.432498 0.091263
0.046096 0.000010 0.000010 0.000010 0.704282 0.249592
0.101669 0.183643 0.000010 0.000010 0.714658 0.000010
0.006698 0.000010 0.000010 0.000010 0.779380 0.213893
0.058945 0.601373 0.000010 0.000010 0.339652 0.000010
0.000010 0.000010 0.000010 0.218508 0.653710 0.127752
0.000014 0.816719 0.000010 0.000010 0.183237 0.000010
0.062933 0.000010 0.000010 0.000010 0.741483 0.195555
0.000010 0.625339 0.000010 0.000010 0.374621 0.000010
0.110211 0.156687 0.000010 0.000010 0.526655 0.206426
0.000010 0.729742 0.029643 0.000010 0.152613 0.087981
0.000010 0.000010 0.000010 0.000010 0.999950 0.000010
0.038733 0.689287 0.000010 0.000010 0.271950 0.000010
0.000010 0.862407 0.000010 0.000010 0.137553 0.000010
0.000010 0.721272 0.000010 0.000010 0.278688 0.000010
0.000010 0.174053 0.000010 0.202256 0.623661 0.000010
0.000010 0.999943 0.000010 0.000017 0.000010 0.000010
0.000010 0.000010 0.000010 0.999950 0.000010 0.000010
0.000010 0.700048 0.000010 0.000010 0.299912 0.000010
0.000010 0.010811 0.103307 0.000010 0.885853 0.000010
0.000010 0.999950 0.000010 0.000010 0.000010 0.000010
0.000010 0.855763 0.000010 0.000010 0.000010 0.144197
0.000010 0.024583 0.000010 0.632682 0.342705 0.000010
0.032607 0.331695 0.000010 0.000010 0.635667 0.000010
0.022900 0.728921 0.027203 0.000010 0.220957 0.000010
0.000010 0.000010 0.000010 0.999950 0.000010 0.000010
0.000010 0.247170 0.000010 0.389398 0.363402 0.000010
0.060699 0.018283 0.000010 0.571836 0.349162 0.000010
0.000010 0.027944 0.011469 0.081639 0.638991 0.239948
0.000010 0.652239 0.003238 0.166752 0.177751 0.000010
0.000010 0.469992 0.000010 0.184952 0.132270 0.212766
0.000010 0.490884 0.000010 0.000010 0.000010 0.509076
0.000010 0.162928 0.000010 0.540864 0.296178 0.000010
0.031848 0.882206 0.000010 0.000010 0.000010 0.085916
0.000010 0.260129 0.000010 0.000010 0.000010 0.739831
0.000010 0.331173 0.000010 0.471152 0.197644 0.000010
0.076381 0.647509 0.063077 0.000010 0.000010 0.213012
0.000010 0.000010 0.000010 0.171722 0.550666 0.277582
0.657328 0.342632 0.000010 0.000010 0.000010 0.000010
0.000010 0.077353 0.000010 0.096630 0.825986 0.000010
0.000010 0.277974 0.000010 0.170342 0.551654 0.000010
0.000010 0.351591 0.000010 0.194222 0.356003 0.098165
0.000010 0.423369 0.000010 0.000010 0.000010 0.576591
0.000010 0.671132 0.000010 0.170422 0.000010 0.158416
0.000010 0.049433 0.000010 0.950527 0.000010 0.000010
0.000010 0.120692 0.000010 0.879268 0.000010 0.000010
0.000010 0.000010 0.048429 0.951531 0.000010 0.000010
0.000010 0.635995 0.008784 0.000010 0.355191 0.000010
0.000013 0.000010 0.000010 0.000010 0.999947 0.000010
0.000010 0.000010 0.029963 0.403085 0.566922 0.000010
0.048627 0.000010 0.000010 0.559712 0.391631 0.000010
0.000010 0.644116 0.048718 0.000010 0.000010 0.307136
0.024922 0.808603 0.003473 0.000010 0.000010 0.162982
0.000010 0.741981 0.000010 0.000010 0.000010 0.257979
0.000010 0.000010 0.000010 0.000010 0.000010 0.999950
0.000010 0.612789 0.000010 0.000010 0.129909 0.257272
0.000010 0.000010 0.000010 0.999950 0.000010 0.000010
0.000010 0.786062 0.000010 0.000010 0.213898 0.000010
0.000010 0.590017 0.000010 0.000010 0.281978 0.127974
0.000010 0.172898 0.000010 0.000010 0.000010 0.827062
0.046840 0.498317 0.000010 0.022431 0.000010 0.432391
0.000010 0.823128 0.000010 0.000010 0.176832 0.000010
0.000010 0.711276 0.000010 0.000010 0.000010 0.288684
0.000010 0.382513 0.000010 0.115857 0.396766 0.104844
0.000010 0.803667 0.000010 0.000010 0.196293 0.000010
0.000010 0.000010 0.000010 0.999950 0.000010 0.000010
0.000010 0.703625 0.000010 0.110855 0.066739 0.118762
0.047447 0.481387 0.000010 0.070927 0.400219 0.000010
0.062119 0.577188 0.000015 0.000010 0.360658 0.000010
0.000010 0.726264 0.000010 0.000010 0.273696 0.000010
0.000010 0.457623 0.008997 0.000010 0.348176 0.185184
0.000010 0.817249 0.000010 0.000010 0.182711 0.000010
0.000010 0.088445 0.000010 0.911515 0.000010 0.000010
0.000010 0.757118 0.000010 0.000010 0.194713 0.048139
0.411991 0.267158 0.000010 0.000010 0.282900 0.037931
0.000010 0.261851 0.000010 0.314705 0.423414 0.000010
0.013475 0.613505 0.000010 0.000010 0.372990 0.000010
0.060892 0.000010 0.000010 0.581695 0.357382 0.000010
0.157547 0.646426 0.011498 0.000010 0.118234 0.066284
