0.000010 0.000010 0.000010 0.000010 0.999930 0.000010 0.000010 0.000010
0.000010 0.013636 0.471065 0.000010 0.515248 0.000010 0.000010 0.000010
0.000010 0.000010 0.820854 0.000010 0.179086 0.000010 0.000010 0.000010
0.000010 0.000010 0.000010 0.000010 0.518749 0.000010 0.000010 0.481191
0.335295 0.024524 0.000010 0.000010 0.640131 0.000010 0.000010 0.000010
0.000010 0.492702 0.000010 0.000010 0.507238 0.000010 0.000010 0.000010
0.000010 0.000010 0.000010 0.000010 0.540568 0.000010 0.000010 0.459372
0.000010 0.000010 0.000010 0.000010 0.999930 0.000010 0.000010 0.000010
0.000010 0.000010 0.000010 0.468764 0.531176 0.000010 0.000010 0.000010
0.000010 0.000010 0.000010 0.000010 0.274410 0.000010 0.000010 0.725530
0.000010 0.000010 0.000010 0.000010 0.463751 0.000010 0.000010 0.536189
0.000010 0.003988 0.000010 0.000010 0.515714 0.000010 0.000010 0.480248
0.000010 0.000010 0.824441 0.000010 0.175499 0.000010 0.000010 0.000010
0.000010 0.000010 0.000010 0.000010 0.999930 0.000010 0.000010 0.000010
0.000010 0.041717 0.403529 0.000010 0.132994 0.000010 0.000010 0.421721
0.000010 0.000010 0.000010 0.000010 0.767238 0.232702 0.000010 0.000010
0.000010 0.020175 0.000010 0.000010 0.979765 0.000010 0.000010 0.000010
0.000010 0.000010 0.000010 0.000010 0.000010 0.000010 0.000010 0.999930
0.000010 0.000010 0.582917 0.000010 0.417023 0.000010 0.000010 0.000010
0.000010 0.000010 0.000010 0.000010 0.320653 0.000010 0.000010 0.679287
0.000010 0.000010 0.000010 0.000010 0.999930 0.000010 0.000010 0.000010
0.000010 0.000010 0.480977 0.000010 0.518963 0.000010 0.000010 0.000010
0.000010 0.000010 0.000010 0.000010 0.999930 0.000010 0.000010 0.000010
0.000010 0.000010 0.000010 0.000010 0.999930 0.000010 0.000010 0.000010
0.000010 0.000010 0.000010 0.000010 0.664054 0.335886 0.000010 0.000010
0.000010 0.039107 0.423031 0.000010 0.537812 0.000010 0.000010 0.000010
0.000010 0.000010 0.076263 0.000010 0.923677 0.000010 0.000010 0.000010
0.000010 0.000010 0.999930 0.000010 0.000010 0.000010 0.000010 0.000010
0.000010 0.000010 0.000010 0.000010 0.649357 0.000010 0.000010 0.350583
0.000010 0.000010 0.331437 0.000010 0.668503 0.000010 0.000010 0.000010
0.000010 0.000010 0.000011 0.000010 0.112927 0.887012 0.000010 0.000010
0.000010 0.000010 0.000010 0.000010 0.658903 0.000010 0.000010 0.341037
0.000010 0.024889 0.000010 0.000010 0.553789 0.000010 0.000010 0.421273
0.000010 0.000010 0.243391 0.000010 0.648532 0.000010 0.000010 0.108027
0.000010 0.000010 0.944633 0.000010 0.055307 0.000010 0.000010 0.000010
0.000010 0.000010 0.589071 0.000010 0.410869 0.000010 0.000010 0.000010
0.000010 0.022297 0.977643 0.000010 0.000010 0.000010 0.000010 0.000010
0.000010 0.000010 0.000010 0.251971 0.747969 0.000010 0.000010 0.000010
0.000010 0.000010 0.000010 0.000010 0.750166 0.249774 0.000010 0.000010
0.000010 0.000010 0.523338 0.000010 0.476602 0.000010 0.000010 0.000010
0.000010 0.000010 0.000010 0.000010 0.999930 0.000010 0.000010 0.000010
0.000010 0.000010 0.000010 0.000010 0.000010 0.000010 0.000010 0.999930
0.000010 0.000010 0.409298 0.000010 0.590642 0.000010 0.000010 0.000010
0.000010 0.000010 0.000010 0.000010 0.469065 0.000010 0.530875 0.000010
0.000010 0.000010 0.999930 0.000010 0.000010 0.000010 0.000010 0.000010
0.000010 0.020588 0.119361 0.000010 0.624982 0.000010 0.000010 0.235029
0.000010 0.000010 0.000010 0.000010 0.437730 0.000010 0.000010 0.562210
0.000010 0.000010 0.000010 0.000010 0.750989 0.000010 0.000010 0.248951
0.000010 0.022077 0.000010 0.000010 0.640508 0.000010 0.337365 0.000010
0.000010 0.000010 0.000010 0.315492 0.684448 0.000010 0.000010 0.000010
0.000010 0.000010 0.316821 0.000010 0.683119 0.000010 0.000010 0.000010
0.000010 0.000010 0.000010 0.000010 0.753243 0.000010 0.000010 0.246697
0.000010 0.415001 0.368523 0.000010 0.216425 0.000010 0.000010 0.000010
0.000010 0.000010 0.000010 0.000010 0.624508 0.375432 0.000010 0.000010
0.000010 0.000010 0.000010 0.000010 0.000010 0.000010 0.000010 0.999930
0.000010 0.000010 0.000010 0.000010 0.885720 0.000010 0.000010 0.114220
0.000010 0.000010 0.999930 0.000010 0.000010 0.000010 0.000010 0.000010
0.000010 0.000010 0.000010 0.000010 0.999930 0.000010 0.000010 0.000010
0.000010 0.000010 0.381005 0.000010 0.618935 0.000010 0.000010 0.000010
0.000010 0.000010 0.314520 0.000010 0.685420 0.000010 0.000010 0.000010
0.538548 0.007467 0.000010 0.000010 0.453935 0.000010 0.000010 0.000010
0.000010 0.000010 0.000010 0.000010 0.643433 0.000010 0.000010 0.356507
0.000010 0.000010 0.000010 0.000010 0.186208 0.000011 0.000010 0.813731
0.000010 0.000010 0.250897 0.000010 0.749043 0.000010 0.000010 0.000010
0.000010 0.000010 0.000010 0.000010 0.999930 0.000010 0.000010 0.000010
0.000010 0.000010 0.000010 0.000010 0.768136 0.000010 0.000010 0.231804
0.000010 0.000010 0.000010 0.000010 0.579128 0.420812 0.000010 0.000010
0.000010 0.000010 0.115269 0.212262 0.630128 0.000010 0.000010 0.042301
0.000010 0.000010 0.000010 0.000010 0.190328 0.000010 0.000010 0.809612
0.000010 0.000010 0.638865 0.000010 0.361075 0.000010 0.000010 0.000010
0.000010 0.000010 0.168180 0.000010 0.831760 0.000010 0.000010 0.000010
0.000010 0.000010 0.000010 0.000010 0.639877 0.000010 0.127181 0.232891
0.000010 0.000010 0.597810 0.000010 0.402130 0.000010 0.000010 0.000010
0.000010 0.000010 0.269106 0.268479 0.462365 0.000010 0.000010 0.000010
0.000010 0.000010 0.000010 0.000010 0.493725 0.000010 0.000010 0.506215
0.000010 0.000010 0.000010 0.000010 0.461033 0.000010 0.000010 0.538907
0.000010 0.000010 0.999928 0.000010 0.000010 0.000012 0.000010 0.000010
0.000010 0.000010 0.369241 0.000010 0.630699 0.000010 0.000010 0.000010
0.653647 0.000010 0.000010 0.000010 0.346293 0.000010 0.000010 0.000010
0.000010 0.000010 0.870947 0.000010 0.128993 0.000010 0.000010 0.000010
0.000010 0.000010 0.000010 0.000010 0.000010 0.000010 0.000010 0.999930
0.000010 0.000010 0.999930 0.000010 0.000010 0.000010 0.000010 0.000010
0.000010 0.000010 0.000010 0.000010 0.159168 0.000010 0.000010 0.840772
0.000010 0.000011 0.870929 0.000010 0.129010 0.000010 0.000010 0.000010
0.000010 0.000010 0.000010 0.000010 0.999930 0.000010 0.000010 0.000010
0.000010 0.000010 0.000010 0.000010 0.676168 0.000010 0.000010 0.323772
0.000010 0.000010 0.000010 0.000010 0.935281 0.000010 0.000010 0.064659
0.000010 0.019526 0.076835 0.000010 0.903589 0.000010 0.000010 0.000010
0.000010 0.000010 0.000010 0.000010 0.362098 0.000010 0.000010 0.637842
0.000010 0.000010 0.889477 0.000010 0.110463 0.000010 0.000010 0.000010
0.000010 0.000010 0.000010 0.000010 0.398083 0.000010 0.000010 0.601857
0.215590 0.000010 0.000010 0.000010 0.617422 0.000010 0.000010 0.166938
0.000010 0.000010 0.000010 0.000010 0.737706 0.000010 0.000010 0.262234
0.000010 0.000010 0.236146 0.000010 0.763794 0.000010 0.000010 0.000010
0.000010 0.000010 0.692564 0.000010 0.307376 0.000010 0.000010 0.000010
0.000010 0.000010 0.000010 0.000010 0.000010 0.000010 0.000010 0.999930
0.000010 0.000010 0.000010 0.287472 0.712468 0.000010 0.000010 0.000010
0.000010 0.000010 0.000010 0.000010 0.683738 0.000010 0.000010 0.316202
0.000010 0.000010 0.647602 0.000010 0.352338 0.000010 0.000010 0.000010
0.000010 0.000010 0.000010 0.690584 0.309356 0.000010 0.000010 0.000010
0.000010 0.000010 0.000010 0.000010 0.243336 0.000010 0.000010 0.756604
0.000010 0.000010 0.000010 0.000010 0.541506 0.000010 0.458434 0.000010
0.000010 0.000010 0.349861 0.000010 0.650079 0.000010 0.000010 0.000010
0.000010 0.000010 0.000010 0.000010 0.543319 0.000010 0.000010 0.456621
0.891410 0.000010 0.000010 0.000010 0.108530 0.000010 0.000010 0.000010
0.000010 0.000010 0.677665 0.000010 0.322275 0.000010 0.000010 0.000010
0.000010 0.000010 0.281959 0.000010 0.620118 0.097873 0.000010 0.000010
0.000010 0.000010 0.000010 0.000010 0.000010 0.000010 0.000010 0.999930
0.000010 0.000010 0.105895 0.000010 0.894045 0.000010 0.000010 0.000010
0.000010 0.000010 0.000010 0.000010 0.450648 0.000010 0.000010 0.549292
0.000010 0.401379 0.000010 0.000010 0.267512 0.000010 0.000010 0.331058
0.000010 0.000010 0.000010 0.000010 0.516680 0.000010 0.000010 0.483260
0.000010 0.355203 0.241088 0.000010 0.403659 0.000010 0.000010 0.000010
0.000010 0.000010 0.000010 0.000010 0.999930 0.000010 0.000010 0.000010
0.000010 0.000010 0.000010 0.000010 0.048636 0.000010 0.000010 0.951304
0.000010 0.023109 0.472337 0.000010 0.504503 0.000010 0.000010 0.000010
0.339325 0.000010 0.000010 0.000010 0.660615 0.000010 0.000010 0.000010
0.000010 0.026119 0.000010 0.000010 0.170014 0.000010 0.376192 0.427635
0.000010 0.000010 0.245194 0.000010 0.754746 0.000010 0.000010 0.000010
0.000010 0.252489 0.471076 0.000010 0.276385 0.000010 0.000010 0.000010
0.000010 0.000010 0.000010 0.000010 0.866017 0.000010 0.133923 0.000010
0.000010 0.000010 0.000010 0.000010 0.757654 0.242286 0.000010 0.000010
0.000010 0.000010 0.402116 0.000010 0.597824 0.000010 0.000010 0.000010
0.000010 0.000010 0.808065 0.000010 0.191875 0.000010 0.000010 0.000010
0.000010 0.000010 0.884629 0.000010 0.115311 0.000010 0.000010 0.000010
0.000010 0.000010 0.000010 0.000010 0.487164 0.000010 0.000010 0.512776
0.158342 0.000010 0.148649 0.000010 0.692960 0.000010 0.000010 0.000010
0.000010 0.000010 0.000010 0.000010 0.505951 0.000010 0.000010 0.493989
0.000010 0.000010 0.000010 0.000010 0.419513 0.000010 0.000010 0.580427
0.000010 0.000010 0.000010 0.000010 0.000010 0.999930 0.000010 0.000010
0.000010 0.000010 0.323023 0.000010 0.676917 0.000010 0.000010 0.000010
0.000010 0.000010 0.000010 0.000010 0.457392 0.000010 0.000010 0.542548
0.302876 0.000010 0.000010 0.000010 0.697064 0.000010 0.000010 0.000010
0.000010 0.000010 0.626023 0.000010 0.373917 0.000010 0.000010 0.000010
0.000010 0.000010 0.610245 0.000010 0.389695 0.000010 0.000010 0.000010
0.000010 0.000010 0.260902 0.000010 0.307028 0.000010 0.000010 0.432020
0.912967 0.000010 0.000010 0.000010 0.086973 0.000010 0.000010 0.000010
0.000010 0.000010 0.000010 0.000010 0.269230 0.000010 0.000010 0.730710
0.000010 0.000010 0.000010 0.000010 0.000010 0.999930 0.000010 0.000010
0.000010 0.000010 0.000010 0.293229 0.706711 0.000010 0.000010 0.000010
0.000010 0.000010 0.930326 0.000010 0.069614 0.000010 0.000010 0.000010
0.000010 0.000010 0.000010 0.000010 0.863920 0.000010 0.000010 0.136020
0.000010 0.000010 0.000010 0.000010 0.999930 0.000010 0.000010 0.000010
0.000010 0.000010 0.000010 0.000010 0.999930 0.000010 0.000010 0.000010
0.000010 0.000010 0.678040 0.000010 0.167853 0.154058 0.000010 0.000010
0.000010 0.000010 0.000010 0.000015 0.791552 0.208383 0.000010 0.000010
0.000010 0.000010 0.000010 0.000010 0.658956 0.000010 0.000010 0.340984
0.000010 0.000010 0.321240 0.000010 0.678700 0.000010 0.000010 0.000010
0.000010 0.000010 0.000010 0.000010 0.347743 0.000010 0.000010 0.652197
0.000010 0.000010 0.000010 0.000010 0.999930 0.000010 0.000010 0.000010
0.000010 0.000010 0.000010 0.000010 0.549012 0.450928 0.000010 0.000010
0.000010 0.000010 0.000010 0.000010 0.999930 0.000010 0.000010 0.000010
0.000010 0.000010 0.291309 0.000010 0.708631 0.000010 0.000010 0.000010
0.173250 0.000010 0.000010 0.000010 0.826690 0.000010 0.000010 0.000010
0.000010 0.000010 0.475563 0.000010 0.524377 0.000010 0.000010 0.000010
0.000010 0.000010 0.106637 0.000010 0.893303 0.000010 0.000010 0.000010
0.000010 0.000010 0.337202 0.000010 0.413867 0.248881 0.000010 0.000010
0.000010 0.000010 0.000010 0.000010 0.015850 0.000010 0.000010 0.984090
0.000010 0.000010 0.000010 0.000010 0.365389 0.000010 0.341350 0.293210
0.000010 0.000010 0.617796 0.000010 0.382144 0.000010 0.000010 0.000010
0.000010 0.000010 0.000010 0.000010 0.999930 0.000010 0.000010 0.000010
0.000010 0.000010 0.000010 0.000010 0.999930 0.000010 0.000010 0.000010
0.000010 0.000010 0.000010 0.000010 0.517634 0.000010 0.000010 0.482306
0.000010 0.000010 0.148991 0.000010 0.635208 0.000010 0.000010 0.215751
0.000010 0.000010 0.000010 0.000010 0.391917 0.000010 0.347984 0.260048
0.000010 0.000010 0.000010 0.000010 0.479841 0.000010 0.000010 0.520099
0.332226 0.000010 0.112205 0.000010 0.555519 0.000010 0.000010 0.000010
0.000010 0.000010 0.000010 0.000010 0.821047 0.000010 0.000010 0.178893
0.000010 0.000010 0.966259 0.000010 0.033681 0.000010 0.000010 0.000010
0.000010 0.000010 0.000010 0.000010 0.000010 0.999930 0.000010 0.000010
0.000010 0.007827 0.000010 0.000010 0.290021 0.000010 0.000010 0.702102
0.000010 0.000010 0.000010 0.000010 0.924008 0.000010 0.000010 0.075932
0.000010 0.000010 0.000010 0.000010 0.784049 0.215891 0.000010 0.000010
0.000010 0.000010 0.000010 0.000010 0.000010 0.999930 0.000010 0.000010
0.000010 0.455986 0.000010 0.000010 0.189422 0.000010 0.000010 0.354542
0.000010 0.000010 0.190179 0.000010 0.809761 0.000010 0.000010 0.000010
0.000010 0.315824 0.000010 0.000010 0.684116 0.000010 0.000010 0.000010
0.000010 0.000010 0.000010 0.000010 0.742865 0.000010 0.000010 0.257075
0.000010 0.023590 0.000010 0.000010 0.250024 0.000010 0.000010 0.726335
0.000010 0.000010 0.000010 0.000010 0.429666 0.000010 0.570274 0.000010
0.000010 0.000010 0.999930 0.000010 0.000010 0.000010 0.000010 0.000010
0.000010 0.000010 0.000010 0.000010 0.999930 0.000010 0.000010 0.000010
0.000010 0.000010 0.000010 0.000010 0.693577 0.000010 0.000010 0.306363
0.000010 0.000010 0.000010 0.000010 0.678643 0.000010 0.000010 0.321297
0.000010 0.000010 0.141417 0.000010 0.858523 0.000010 0.000010 0.000010
0.000010 0.000010 0.000010 0.000010 0.457492 0.000010 0.542448 0.000010
0.634884 0.007158 0.000010 0.357908 0.000010 0.000010 0.000010 0.000010
0.000010 0.000010 0.999930 0.000010 0.000010 0.000010 0.000010 0.000010
0.000010 0.000010 0.000010 0.999930 0.000010 0.000010 0.000010 0.000010
0.000010 0.000010 0.512865 0.000010 0.233945 0.000010 0.000010 0.253140
0.000010 0.000010 0.000010 0.000010 0.720835 0.279099 0.000016 0.000010
0.000010 0.000010 0.000010 0.000010 0.729427 0.000010 0.270513 0.000010
0.000010 0.000010 0.000010 0.000010 0.540991 0.000010 0.458949 0.000010
0.000010 0.000010 0.000010 0.000010 0.144196 0.000010 0.855744 0.000010
0.000010 0.000010 0.000010 0.000010 0.687145 0.000010 0.312795 0.000010
0.317960 0.000010 0.000010 0.000010 0.681980 0.000010 0.000010 0.000010
0.000010 0.000010 0.999930 0.000010 0.000010 0.000010 0.000010 0.000010
0.000010 0.000010 0.000010 0.000010 0.690438 0.000010 0.000010 0.309502
0.000010 0.000010 0.000010 0.000010 0.190289 0.809651 0.000010 0.000010
0.283974 0.000010 0.000010 0.000010 0.715966 0.000010 0.000010 0.000010
0.000010 0.000010 0.000010 0.000010 0.923077 0.000010 0.000010 0.076863
0.000010 0.000010 0.999930 0.000010 0.000010 0.000010 0.000010 0.000010
0.000010 0.000010 0.000010 0.642817 0.357123 0.000010 0.000010 0.000010
0.000010 0.028936 0.000010 0.000010 0.841246 0.000010 0.129768 0.000010
0.999930 0.000010 0.000010 0.000010 0.000010 0.000010 0.000010 0.000010
0.000010 0.000010 0.000010 0.000010 0.618547 0.000010 0.000010 0.381393
0.000010 0.000010 0.000010 0.103890 0.896050 0.000010 0.000010 0.000010
0.000010 0.039933 0.000010 0.000010 0.552989 0.000010 0.407028 0.000010
0.000010 0.000010 0.000010 0.000010 0.446135 0.000010 0.553805 0.000010
0.000010 0.000010 0.000010 0.999926 0.000010 0.000014 0.000010 0.000010
0.000010 0.000010 0.000010 0.000010 0.999930 0.000010 0.000010 0.000010
0.000010 0.000010 0.000010 0.387494 0.612446 0.000010 0.000010 0.000010
0.000010 0.000010 0.000010 0.000010 0.304051 0.000010 0.695889 0.000010
0.000010 0.000010 0.000010 0.000010 0.387284 0.000010 0.612656 0.000010
0.000010 0.000010 0.000010 0.236932 0.763008 0.000010 0.000010 0.000010
0.000010 0.000010 0.968657 0.000010 0.031283 0.000010 0.000010 0.000010
0.103528 0.000010 0.143871 0.000010 0.752551 0.000010 0.000010 0.000010
0.000010 0.000010 0.000010 0.000010 0.754874 0.000010 0.000010 0.245066
0.535385 0.000010 0.000010 0.000010 0.464555 0.000010 0.000010 0.000010
0.000010 0.000010 0.000010 0.000010 0.999930 0.000010 0.000010 0.000010
0.000010 0.000010 0.227966 0.226879 0.545105 0.000010 0.000010 0.000010
0.000010 0.000010 0.000010 0.000010 0.999930 0.000010 0.000010 0.000010
0.000010 0.000010 0.000010 0.000010 0.154376 0.000010 0.000010 0.845564
0.000010 0.000010 0.000010 0.000010 0.498206 0.501734 0.000010 0.000010
0.456158 0.000010 0.000010 0.000010 0.543782 0.000010 0.000010 0.000010
0.000010 0.029342 0.000010 0.000010 0.108866 0.000010 0.000010 0.861742
0.389871 0.000010 0.000011 0.000010 0.610068 0.000010 0.000010 0.000010
0.000010 0.023130 0.976810 0.000010 0.000010 0.000010 0.000010 0.000010
0.000010 0.000010 0.000010 0.944671 0.055269 0.000010 0.000010 0.000010
0.999930 0.000010 0.000010 0.000010 0.000010 0.000010 0.000010 0.000010
0.000010 0.000010 0.000010 0.000010 0.475182 0.524758 0.000010 0.000010
0.000010 0.000010 0.000010 0.000010 0.999930 0.000010 0.000010 0.000010
0.363317 0.000010 0.000010 0.000010 0.636623 0.000010 0.000010 0.000010
0.000010 0.000010 0.000010 0.000010 0.239541 0.000010 0.760399 0.000010
0.000010 0.000012 0.761356 0.000010 0.238582 0.000010 0.000010 0.000010
0.000010 0.007356 0.000010 0.716118 0.276476 0.000010 0.000010 0.000010
0.000010 0.037072 0.000010 0.883633 0.079245 0.000010 0.000010 0.000010
0.000010 0.020865 0.000010 0.000010 0.979075 0.000010 0.000010 0.000010
0.000010 0.000010 0.000010 0.000010 0.999930 0.000010 0.000010 0.000010
0.000010 0.000010 0.000010 0.000010 0.760810 0.239130 0.000010 0.000010
0.000010 0.000010 0.000010 0.214155 0.785785 0.000010 0.000010 0.000010
0.000010 0.000010 0.000010 0.000010 0.000010 0.000010 0.999930 0.000010
0.000010 0.000010 0.837337 0.000010 0.162603 0.000010 0.000010 0.000010
0.000010 0.000010 0.301518 0.000010 0.395612 0.000010 0.302820 0.000010
0.000010 0.000010 0.000010 0.000010 0.681868 0.318072 0.000010 0.000010
0.000010 0.000010 0.000010 0.000010 0.611624 0.155611 0.000010 0.232716
0.781133 0.028088 0.000010 0.000010 0.190729 0.000010 0.000010 0.000010
0.000010 0.000010 0.922305 0.000010 0.077633 0.000012 0.000010 0.000010
0.000010 0.000010 0.000010 0.000010 0.561508 0.000010 0.438432 0.000010
0.000010 0.000010 0.000010 0.000010 0.470664 0.000010 0.529276 0.000010
0.000010 0.000010 0.000010 0.000010 0.999930 0.000010 0.000010 0.000010
0.000010 0.000010 0.000010 0.000010 0.999930 0.000010 0.000010 0.000010
0.653399 0.000010 0.000010 0.000010 0.346541 0.000010 0.000010 0.000010
0.000010 0.000010 0.000010 0.000010 0.000010 0.000010 0.000010 0.999930
0.000010 0.000010 0.000010 0.000010 0.430096 0.000010 0.000010 0.569844
0.000010 0.017352 0.000010 0.982588 0.000010 0.000010 0.000010 0.000010
0.404281 0.000010 0.000010 0.000010 0.595659 0.000010 0.000010 0.000010
0.000010 0.000010 0.901672 0.000010 0.098268 0.000010 0.000010 0.000010
0.000010 0.000010 0.000010 0.000010 0.000010 0.999930 0.000010 0.000010
0.205930 0.000010 0.000010 0.000010 0.794010 0.000010 0.000010 0.000010
0.417000 0.000010 0.000010 0.000010 0.582940 0.000010 0.000010 0.000010
0.000015 0.000010 0.000010 0.000010 0.250855 0.000010 0.749079 0.000010
0.000010 0.000010 0.000010 0.000010 0.635575 0.364365 0.000010 0.000010
0.000010 0.023892 0.000010 0.000010 0.392954 0.000010 0.583105 0.000010
0.000010 0.000010 0.000010 0.787775 0.212165 0.000010 0.000010 0.000010
0.000010 0.000010 0.000010 0.000010 0.487577 0.000010 0.000010 0.512363
0.000010 0.000010 0.000010 0.000010 0.576122 0.000010 0.000010 0.423818
0.127485 0.000010 0.000010 0.093329 0.779134 0.000013 0.000010 0.000010
0.000010 0.000010 0.844910 0.000010 0.155030 0.000010 0.000010 0.000010
0.000010 0.000010 0.000010 0.999930 0.000010 0.000010 0.000010 0.000010
0.000010 0.000010 0.000010 0.814069 0.185871 0.000010 0.000010 0.000010
0.000010 0.019039 0.000010 0.000010 0.505899 0.000010 0.000010 0.475012
0.000010 0.000010 0.000010 0.000010 0.695519 0.000010 0.304421 0.000010
0.318909 0.000010 0.000010 0.000010 0.681031 0.000010 0.000010 0.000010
0.000010 0.000010 0.999930 0.000010 0.000010 0.000010 0.000010 0.000010
0.000010 0.000010 0.000010 0.000010 0.999930 0.000010 0.000010 0.000010
0.000010 0.000010 0.000010 0.999930 0.000010 0.000010 0.000010 0.000010
0.000010 0.000010 0.000010 0.000010 0.601209 0.000010 0.000010 0.398731
0.000010 0.000010 0.321504 0.000010 0.678436 0.000010 0.000010 0.000010
0.000010 0.000010 0.000010 0.000010 0.999930 0.000010 0.000010 0.000010
0.000010 0.000010 0.000010 0.000010 0.454005 0.000010 0.000010 0.545935
0.000010 0.000010 0.000010 0.000010 0.132609 0.867331 0.000010 0.000010
0.000010 0.000010 0.162018 0.000010 0.837922 0.000010 0.000010 0.000010
0.000010 0.000010 0.000010 0.000010 0.999930 0.000010 0.000010 0.000010
0.000010 0.000010 0.000010 0.000010 0.848362 0.000010 0.000010 0.151578
0.000010 0.000010 0.000010 0.728130 0.271810 0.000010 0.000010 0.000010
0.000010 0.000010 0.000010 0.000010 0.370143 0.629797 0.000010 0.000010
0.000010 0.000010 0.000010 0.000010 0.000010 0.000010 0.000010 0.999930
0.000010 0.000010 0.000010 0.097503 0.902437 0.000010 0.000010 0.000010
0.000010 0.000010 0.000010 0.000010 0.756191 0.000010 0.243749 0.000010
0.000010 0.000010 0.521687 0.000010 0.478253 0.000010 0.000010 0.000010
0.000010 0.000010 0.000010 0.000010 0.185717 0.000010 0.814223 0.000010
0.000010 0.000010 0.000010 0.000010 0.255765 0.000010 0.000010 0.744175
0.000010 0.000010 0.999930 0.000010 0.000010 0.000010 0.000010 0.000010
0.000010 0.039099 0.000010 0.000010 0.854846 0.000010 0.000010 0.106006
0.000010 0.000010 0.000010 0.000010 0.608342 0.391598 0.000010 0.000010
0.000010 0.000010 0.118851 0.000010 0.881089 0.000010 0.000010 0.000010
0.000010 0.000010 0.000010 0.627568 0.372372 0.000010 0.000010 0.000010
0.000010 0.000010 0.000010 0.000010 0.184913 0.000010 0.815027 0.000010
0.671312 0.000010 0.000010 0.000010 0.328628 0.000010 0.000010 0.000010
0.000010 0.000010 0.000010 0.000010 0.548443 0.000010 0.000010 0.451497
0.000010 0.000010 0.000010 0.000010 0.687662 0.312278 0.000010 0.000010
0.000010 0.000010 0.000010 0.000010 0.030712 0.000010 0.969228 0.000010
0.000010 0.000010 0.000010 0.120162 0.879778 0.000010 0.000010 0.000010
0.000010 0.000010 0.000010 0.292641 0.707299 0.000010 0.000010 0.000010
0.000010 0.000010 0.000010 0.000010 0.999930 0.000010 0.000010 0.000010
0.000010 0.000010 0.000010 0.000010 0.126861 0.000010 0.000010 0.873079
0.000010 0.035019 0.630040 0.000010 0.334887 0.000015 0.000010 0.000010
0.000010 0.020761 0.000010 0.000010 0.672424 0.000010 0.000010 0.306765
0.000010 0.000010 0.999930 0.000010 0.000010 0.000010 0.000010 0.000010
0.000010 0.000010 0.614243 0.000010 0.000010 0.000010 0.385697 0.000010
0.000010 0.000010 0.000010 0.565759 0.434181 0.000010 0.000010 0.000010
0.000010 0.000010 0.000010 0.000010 0.770656 0.000010 0.229284 0.000010
0.000010 0.000010 0.000010 0.000010 0.869610 0.000010 0.000010 0.130330
0.000010 0.021504 0.000010 0.000010 0.689877 0.000010 0.000010 0.288569
0.000010 0.000010 0.000010 0.000010 0.999930 0.000010 0.000010 0.000010
0.916686 0.000010 0.000010 0.000010 0.083254 0.000010 0.000010 0.000010
0.000010 0.000010 0.169822 0.000010 0.830118 0.000010 0.000010 0.000010
0.000010 0.000010 0.999930 0.000010 0.000010 0.000010 0.000010 0.000010
0.999930 0.000010 0.000010 0.000010 0.000010 0.000010 0.000010 0.000010
0.000010 0.000010 0.000010 0.000010 0.802293 0.000010 0.197647 0.000010
0.428406 0.000010 0.000010 0.000010 0.571534 0.000010 0.000010 0.000010
0.000010 0.000010 0.559180 0.000010 0.440760 0.000010 0.000010 0.000010
0.000010 0.056254 0.000010 0.000010 0.000010 0.000010 0.943686 0.000010
0.000010 0.000010 0.000010 0.000010 0.759227 0.000010 0.240713 0.000010
0.000013 0.000010 0.446738 0.465786 0.087422 0.000011 0.000010 0.000010
0.000010 0.000010 0.000010 0.000010 0.593889 0.000010 0.000010 0.406051
0.000010 0.000010 0.000010 0.000010 0.000010 0.999930 0.000010 0.000010
0.000010 0.000010 0.951391 0.000010 0.048549 0.000010 0.000010 0.000010
0.000010 0.000010 0.000010 0.000010 0.494679 0.000010 0.000010 0.505261
0.000010 0.000010 0.000010 0.000010 0.423905 0.000010 0.000010 0.576035
0.511116 0.000010 0.000010 0.000010 0.488824 0.000010 0.000010 0.000010
0.000010 0.000010 0.000010 0.000010 0.158204 0.000010 0.841736 0.000010
0.000010 0.000010 0.000010 0.000010 0.564070 0.000010 0.000010 0.435870
0.819735 0.000010 0.000010 0.000010 0.180205 0.000010 0.000010 0.000010
0.000010 0.000010 0.482908 0.000010 0.517032 0.000010 0.000010 0.000010
0.000010 0.000010 0.000010 0.000010 0.000010 0.999930 0.000010 0.000010
0.000010 0.018434 0.000010 0.000010 0.000010 0.981506 0.000010 0.000010
0.000010 0.000010 0.000010 0.000010 0.348468 0.000010 0.651472 0.000010
0.558964 0.000010 0.000010 0.000010 0.440976 0.000010 0.000010 0.000010
0.000010 0.000010 0.000010 0.000010 0.121746 0.000010 0.000010 0.878194
0.000010 0.000010 0.328952 0.000010 0.670988 0.000010 0.000010 0.000010
0.000010 0.000010 0.000010 0.999930 0.000010 0.000010 0.000010 0.000010
0.000010 0.000010 0.000010 0.000010 0.315929 0.684011 0.000010 0.000010
0.000010 0.000010 0.000010 0.000010 0.569273 0.000010 0.000010 0.430667
0.000010 0.000010 0.000010 0.000010 0.685724 0.314216 0.000010 0.000010
0.000010 0.000010 0.000010 0.000010 0.559994 0.439946 0.000010 0.000010
0.000010 0.000010 0.912466 0.000010 0.087474 0.000010 0.000010 0.000010
0.000010 0.000010 0.000010 0.512871 0.487069 0.000010 0.000010 0.000010
0.000010 0.000010 0.000010 0.000010 0.550636 0.000010 0.000010 0.449304
0.000010 0.000010 0.000010 0.000010 0.125544 0.000010 0.000010 0.874396
0.000010 0.000010 0.000010 0.000010 0.598483 0.000010 0.000010 0.401457
0.000010 0.000010 0.000010 0.000010 0.466027 0.533913 0.000010 0.000010
0.393727 0.019995 0.000010 0.000010 0.586229 0.000010 0.000010 0.000010
0.000010 0.000010 0.000010 0.299825 0.700115 0.000010 0.000010 0.000010
0.000010 0.000010 0.563969 0.000010 0.435971 0.000010 0.000010 0.000010
0.000010 0.000010 0.000010 0.000010 0.314376 0.685564 0.000010 0.000010
0.000010 0.000010 0.000010 0.345902 0.654038 0.000010 0.000010 0.000010
0.000010 0.000010 0.000010 0.000010 0.107251 0.000010 0.892689 0.000010
0.000010 0.000010 0.000010 0.000010 0.172915 0.000010 0.827025 0.000010
0.000010 0.000010 0.000010 0.000010 0.000010 0.000010 0.000010 0.999930
0.629476 0.000010 0.000010 0.000010 0.370464 0.000010 0.000010 0.000010
0.000010 0.000010 0.794401 0.000010 0.205539 0.000010 0.000010 0.000010
0.000010 0.000010 0.999930 0.000010 0.000010 0.000010 0.000010 0.000010
0.000010 0.027469 0.000010 0.000010 0.588833 0.000010 0.000010 0.383648
0.000010 0.000010 0.000010 0.000010 0.565977 0.433963 0.000010 0.000010
0.000010 0.000010 0.000010 0.000010 0.557609 0.000010 0.000010 0.442331
0.000010 0.000010 0.000010 0.000010 0.557437 0.000010 0.442503 0.000010
0.000010 0.000010 0.000010 0.303938 0.696002 0.000010 0.000010 0.000010
0.000010 0.000010 0.000010 0.568606 0.431334 0.000010 0.000010 0.000010
0.000010 0.000010 0.000010 0.999930 0.000010 0.000010 0.000010 0.000010
0.138611 0.009588 0.000010 0.000010 0.391943 0.000010 0.459817 0.000010
0.000010 0.000010 0.000010 0.000010 0.000010 0.000010 0.000010 0.999930
0.206225 0.018773 0.000010 0.292228 0.482734 0.000010 0.000010 0.000010
0.000010 0.000010 0.000010 0.000010 0.727934 0.000010 0.272006 0.000010
0.000010 0.000010 0.000010 0.306923 0.693017 0.000010 0.000010 0.000010
0.524908 0.000010 0.000010 0.000010 0.475032 0.000010 0.000010 0.000010
0.000010 0.000010 0.000010 0.228846 0.771094 0.000010 0.000010 0.000010
0.000010 0.038791 0.000010 0.000010 0.042195 0.000010 0.918964 0.000010
0.000010 0.023911 0.000010 0.000010 0.439328 0.195008 0.341713 0.000010
0.000010 0.000010 0.000010 0.696676 0.303264 0.000010 0.000010 0.000010
0.000010 0.000010 0.000010 0.322029 0.677911 0.000010 0.000010 0.000010
0.000010 0.000010 0.000010 0.000010 0.538579 0.461361 0.000010 0.000010
0.000010 0.000010 0.000010 0.000010 0.486416 0.513524 0.000010 0.000010
0.000010 0.000010 0.999930 0.000010 0.000010 0.000010 0.000010 0.000010
0.000010 0.000010 0.000010 0.000010 0.638073 0.000010 0.361867 0.000010
0.000010 0.000010 0.000010 0.000010 0.281757 0.000010 0.000010 0.718183
0.000010 0.000010 0.000010 0.999930 0.000010 0.000010 0.000010 0.000010
0.999930 0.000010 0.000010 0.000010 0.000010 0.000010 0.000010 0.000010
0.000010 0.000010 0.000010 0.000010 0.340970 0.000010 0.658970 0.000010
0.000010 0.000010 0.000010 0.000010 0.510868 0.489072 0.000010 0.000010
0.268656 0.000010 0.000010 0.000010 0.484010 0.000010 0.000010 0.247284
0.000010 0.000010 0.000010 0.114253 0.885683 0.000014 0.000010 0.000010
0.000010 0.000010 0.000010 0.288767 0.711173 0.000010 0.000010 0.000010
0.000010 0.000010 0.000010 0.000010 0.347211 0.000010 0.000010 0.652729
0.000010 0.000010 0.000010 0.000010 0.999930 0.000010 0.000010 0.000010
0.000010 0.000010 0.000010 0.000010 0.552637 0.447303 0.000010 0.000010
0.000010 0.000010 0.000010 0.000010 0.603842 0.000010 0.396098 0.000010
0.000010 0.000010 0.000010 0.912885 0.087055 0.000010 0.000010 0.000010
0.000010 0.000010 0.000010 0.000010 0.371660 0.000010 0.628280 0.000010
0.000010 0.000010 0.000010 0.000010 0.137831 0.000010 0.000010 0.862109
0.000010 0.000011 0.000010 0.000010 0.305523 0.000010 0.000010 0.694416
0.000010 0.000010 0.999930 0.000010 0.000010 0.000010 0.000010 0.000010
0.000010 0.000010 0.000010 0.999930 0.000010 0.000010 0.000010 0.000010
0.840280 0.000010 0.000010 0.000010 0.159660 0.000010 0.000010 0.000010
0.000010 0.000010 0.000010 0.000010 0.346410 0.000010 0.000010 0.653530
0.000010 0.025092 0.797696 0.000010 0.177161 0.000010 0.000010 0.000010
0.000010 0.000010 0.000010 0.000010 0.463102 0.000010 0.536838 0.000010
0.000010 0.000010 0.421992 0.000010 0.577948 0.000010 0.000010 0.000010
0.000010 0.023317 0.000010 0.424524 0.552109 0.000010 0.000010 0.000010
0.942828 0.000010 0.000010 0.000010 0.057112 0.000010 0.000010 0.000010
0.000010 0.000010 0.000010 0.000010 0.067255 0.932685 0.000010 0.000010
0.000010 0.000010 0.000010 0.000010 0.309772 0.000010 0.690168 0.000010
0.472234 0.000010 0.000010 0.000010 0.527706 0.000010 0.000010 0.000010
0.548402 0.000010 0.000010 0.000010 0.451538 0.000010 0.000010 0.000010
0.000010 0.000010 0.000010 0.000010 0.643262 0.356678 0.000010 0.000010
0.000010 0.000010 0.000010 0.000010 0.477651 0.000010 0.522289 0.000010
0.000010 0.023312 0.000010 0.000010 0.000010 0.000010 0.976628 0.000010
0.000010 0.000010 0.000010 0.873871 0.126069 0.000010 0.000010 0.000010
0.670181 0.000010 0.000010 0.000010 0.329759 0.000010 0.000010 0.000010
0.000010 0.047250 0.000010 0.000010 0.008281 0.944420 0.000010 0.000010
0.000010 0.000010 0.000010 0.289046 0.710894 0.000010 0.000010 0.000010
0.000010 0.000010 0.000010 0.510437 0.489503 0.000010 0.000010 0.000010
0.000010 0.000010 0.000010 0.000010 0.520247 0.479693 0.000010 0.000010
0.000010 0.000010 0.000010 0.999930 0.000010 0.000010 0.000010 0.000010
0.000010 0.000010 0.000010 0.404875 0.013936 0.305267 0.275881 0.000010
0.000010 0.000010 0.000010 0.000010 0.594955 0.000010 0.000010 0.404985
0.000010 0.000010 0.000010 0.000014 0.625139 0.000010 0.000010 0.374797
0.000010 0.000010 0.000010 0.000010 0.479177 0.000010 0.000010 0.520763
0.000010 0.000010 0.000010 0.545813 0.454127 0.000010 0.000010 0.000010
0.618170 0.000010 0.000010 0.000010 0.381765 0.000010 0.000015 0.000010
0.000010 0.020756 0.000010 0.111773 0.819205 0.000010 0.000010 0.048225
0.000010 0.022998 0.000010 0.115895 0.744803 0.000010 0.116264 0.000010
0.000010 0.000010 0.000010 0.000010 0.000010 0.000010 0.999930 0.000010
0.000010 0.000010 0.000010 0.288609 0.711331 0.000010 0.000010 0.000010
0.000010 0.000010 0.869465 0.000010 0.130475 0.000010 0.000010 0.000010
0.000010 0.045552 0.000010 0.748263 0.206135 0.000010 0.000010 0.000010
0.999930 0.000010 0.000010 0.000010 0.000010 0.000010 0.000010 0.000010
0.000010 0.000010 0.000010 0.000010 0.716566 0.000010 0.000010 0.283374
0.000010 0.033878 0.236502 0.000010 0.621621 0.107959 0.000010 0.000010
0.000010 0.000010 0.000010 0.633128 0.366812 0.000010 0.000010 0.000010
0.000010 0.000010 0.661217 0.000010 0.338723 0.000010 0.000010 0.000010
0.000010 0.048445 0.548609 0.000010 0.402897 0.000010 0.000010 0.000010
0.000015 0.028903 0.000010 0.000010 0.604893 0.366150 0.000010 0.000010
0.000010 0.000010 0.908413 0.000010 0.000010 0.091519 0.000019 0.000010
0.000010 0.000010 0.000010 0.000010 0.316328 0.000010 0.000010 0.683612
0.000010 0.000010 0.000010 0.000010 0.116189 0.883751 0.000010 0.000010
0.000010 0.000010 0.000010 0.000010 0.079504 0.000010 0.920436 0.000010
0.000010 0.000010 0.000010 0.000010 0.000010 0.000010 0.000010 0.999930
0.000010 0.000010 0.000010 0.755175 0.244765 0.000010 0.000010 0.000010
0.000010 0.000010 0.000010 0.000010 0.635139 0.364801 0.000010 0.000010
0.598927 0.000010 0.000010 0.000010 0.401013 0.000010 0.000010 0.000010
0.000010 0.027051 0.000010 0.000010 0.000010 0.972889 0.000010 0.000010
0.000010 0.000010 0.311682 0.000010 0.688258 0.000010 0.000010 0.000010
0.000010 0.000010 0.000010 0.111184 0.888756 0.000010 0.000010 0.000010
0.000010 0.000010 0.000010 0.000010 0.653406 0.000010 0.000010 0.346534
0.000010 0.000010 0.000010 0.763623 0.236317 0.000010 0.000010 0.000010
0.000010 0.000010 0.934649 0.000010 0.065291 0.000010 0.000010 0.000010
0.000010 0.065051 0.000010 0.000010 0.221917 0.000010 0.000010 0.712982
0.585518 0.000010 0.000010 0.000010 0.414422 0.000010 0.000010 0.000010
0.000010 0.000010 0.000010 0.000010 0.368873 0.000010 0.631067 0.000010
0.000010 0.000010 0.000010 0.000010 0.545145 0.000010 0.178657 0.276148
0.000010 0.000010 0.000010 0.000010 0.203488 0.796452 0.000010 0.000010
0.000010 0.013722 0.000010 0.000010 0.193730 0.000010 0.465698 0.326810
0.000010 0.000010 0.000019 0.000010 0.000010 0.000010 0.999921 0.000010
0.000010 0.000010 0.000011 0.781637 0.218302 0.000010 0.000010 0.000010
0.000010 0.000010 0.000010 0.000010 0.690501 0.309439 0.000010 0.000010
0.257135 0.052480 0.000010 0.000010 0.366944 0.000010 0.323400 0.000010
0.000010 0.000010 0.000010 0.000010 0.532068 0.467872 0.000010 0.000010
0.373778 0.000010 0.589827 0.000010 0.036345 0.000010 0.000010 0.000010
0.000010 0.000010 0.000010 0.388465 0.611475 0.000010 0.000010 0.000010
0.000010 0.000010 0.000010 0.999930 0.000010 0.000010 0.000010 0.000010
0.317818 0.000010 0.500761 0.000010 0.181370 0.000010 0.000010 0.000010
0.000010 0.000010 0.000010 0.000010 0.084360 0.000010 0.000010 0.915580
0.000010 0.000010 0.000010 0.582691 0.417249 0.000010 0.000010 0.000010
0.000010 0.000010 0.000010 0.000010 0.999930 0.000010 0.000010 0.000010
0.000010 0.000010 0.000010 0.522615 0.477325 0.000010 0.000010 0.000010
0.000010 0.000010 0.000010 0.999930 0.000010 0.000010 0.000010 0.000010
0.000010 0.000010 0.000010 0.999930 0.000010 0.000010 0.000010 0.000010
0.560977 0.000010 0.000010 0.000010 0.438963 0.000010 0.000010 0.000010
0.000010 0.000010 0.000010 0.000010 0.694434 0.000010 0.000010 0.305506
0.000010 0.000010 0.000010 0.000010 0.749701 0.000010 0.250239 0.000010
0.000010 0.000010 0.000010 0.999930 0.000010 0.000010 0.000010 0.000010
0.999930 0.000010 0.000010 0.000010 0.000010 0.000010 0.000010 0.000010
0.000010 0.000010 0.999930 0.000010 0.000010 0.000010 0.000010 0.000010
0.507818 0.000010 0.000010 0.000010 0.492122 0.000010 0.000010 0.000010
0.000010 0.000010 0.220510 0.000010 0.660781 0.000010 0.000010 0.118659
0.000010 0.000010 0.000010 0.000010 0.999930 0.000010 0.000010 0.000010
0.000010 0.075322 0.000010 0.000010 0.215604 0.000010 0.709025 0.000010
0.000010 0.000010 0.633144 0.000010 0.366796 0.000010 0.000010 0.000010
0.609364 0.000010 0.000010 0.000010 0.390576 0.000010 0.000010 0.000010
0.504101 0.000010 0.000010 0.000010 0.495839 0.000010 0.000010 0.000010
0.912003 0.000010 0.000010 0.000010 0.087937 0.000010 0.000010 0.000010
0.000010 0.000010 0.000010 0.000010 0.244511 0.755429 0.000010 0.000010
0.000010 0.000010 0.848893 0.000010 0.151047 0.000010 0.000010 0.000010
0.000010 0.000010 0.000010 0.532531 0.467409 0.000010 0.000010 0.000010
0.000010 0.031321 0.802164 0.000010 0.166465 0.000010 0.000010 0.000010
0.000010 0.000010 0.000010 0.000010 0.433576 0.000010 0.566364 0.000010
0.000010 0.000010 0.000010 0.000010 0.650030 0.000010 0.000010 0.349910
0.000010 0.000010 0.159480 0.000010 0.840460 0.000010 0.000010 0.000010
0.000010 0.000010 0.000010 0.000010 0.343527 0.000010 0.656413 0.000010
0.000010 0.000010 0.000010 0.000010 0.168822 0.000010 0.831118 0.000010
0.000010 0.000010 0.820549 0.000010 0.179391 0.000010 0.000010 0.000010
0.000010 0.000010 0.000010 0.000010 0.264840 0.735100 0.000010 0.000010
0.000010 0.000010 0.000010 0.000010 0.000010 0.000010 0.000010 0.999930
0.000010 0.000010 0.000010 0.502432 0.497508 0.000010 0.000010 0.000010
0.000010 0.000010 0.000010 0.000010 0.173912 0.000010 0.000010 0.826028
0.000010 0.000010 0.000010 0.000010 0.571354 0.000010 0.000010 0.428586
0.999930 0.000010 0.000010 0.000010 0.000010 0.000010 0.000010 0.000010
0.000010 0.000010 0.000010 0.000010 0.365928 0.000010 0.219597 0.414425
0.000010 0.026990 0.746229 0.000010 0.226729 0.000012 0.000010 0.000010
0.000010 0.000010 0.000010 0.515439 0.484501 0.000010 0.000010 0.000010
0.000010 0.000010 0.000010 0.000010 0.573119 0.426821 0.000010 0.000010
0.000010 0.000010 0.000010 0.635186 0.364754 0.000010 0.000010 0.000010
0.000010 0.000010 0.000010 0.592469 0.407471 0.000010 0.000010 0.000010
0.000010 0.000010 0.000010 0.000010 0.063099 0.000010 0.936841 0.000010
0.000010 0.000010 0.231060 0.282615 0.486275 0.000010 0.000010 0.000010
0.000010 0.000010 0.719411 0.000010 0.280529 0.000010 0.000010 0.000010
0.000010 0.000010 0.000010 0.000010 0.672048 0.000010 0.327892 0.000010
0.000010 0.000010 0.000010 0.931364 0.068576 0.000010 0.000010 0.000010
0.000010 0.000010 0.000010 0.000010 0.000010 0.000010 0.999930 0.000010
0.000010 0.000010 0.000010 0.663390 0.336550 0.000010 0.000010 0.000010
0.000010 0.000010 0.000010 0.000010 0.000010 0.000010 0.000010 0.999930
0.000010 0.000010 0.000010 0.000010 0.676307 0.000010 0.323633 0.000010
0.000010 0.000010 0.000010 0.695566 0.304374 0.000010 0.000010 0.000010
0.000010 0.000010 0.786875 0.000010 0.213065 0.000010 0.000010 0.000010
0.000010 0.000010 0.000010 0.000010 0.178728 0.821212 0.000010 0.000010
0.000010 0.000010 0.759398 0.000010 0.240542 0.000010 0.000010 0.000010
0.000010 0.000010 0.000010 0.000010 0.000010 0.999930 0.000010 0.000010
0.000010 0.000010 0.000010 0.000010 0.000010 0.000010 0.999930 0.000010
0.000010 0.000010 0.000010 0.000010 0.322494 0.677446 0.000010 0.000010
0.999930 0.000010 0.000010 0.000010 0.000010 0.000010 0.000010 0.000010
0.000010 0.000010 0.000010 0.000010 0.360323 0.639617 0.000010 0.000010
0.000010 0.000010 0.000010 0.000010 0.439812 0.560128 0.000010 0.000010
0.000010 0.000010 0.649693 0.000010 0.000010 0.000010 0.000010 0.350247
0.000010 0.000010 0.000010 0.999930 0.000010 0.000010 0.000010 0.000010
0.000010 0.000010 0.000010 0.000010 0.000010 0.000010 0.000010 0.999930
0.000010 0.000010 0.000010 0.000010 0.000010 0.000010 0.999930 0.000010
0.000010 0.000010 0.999930 0.000010 0.000010 0.000010 0.000010 0.000010
0.000010 0.000010 0.000010 0.334822 0.665118 0.000010 0.000010 0.000010
0.000010 0.031018 0.000010 0.000010 0.339534 0.629397 0.000010 0.000010
0.000010 0.000010 0.120391 0.035727 0.482027 0.000010 0.062278 0.299547
0.000013 0.000010 0.000010 0.000010 0.151851 0.000010 0.848086 0.000010
0.000010 0.000010 0.000010 0.000010 0.153306 0.000010 0.846634 0.000010
0.000010 0.000010 0.000010 0.000010 0.675099 0.000010 0.324841 0.000010
0.000010 0.000010 0.000010 0.000010 0.000010 0.000010 0.999930 0.000010
0.000010 0.050567 0.000010 0.553435 0.395948 0.000010 0.000010 0.000010
0.000010 0.000010 0.000010 0.000010 0.551140 0.000010 0.448800 0.000010
0.000010 0.000010 0.000010 0.000010 0.522505 0.000010 0.477435 0.000010
0.589755 0.000010 0.000010 0.000010 0.410185 0.000010 0.000010 0.000010
0.000010 0.000010 0.756819 0.000010 0.243121 0.000010 0.000010 0.000010
0.000010 0.000010 0.348434 0.000010 0.651506 0.000010 0.000010 0.000010
0.000010 0.000010 0.000010 0.000010 0.693172 0.000010 0.000010 0.306768
0.000010 0.000010 0.528888 0.000010 0.471052 0.000010 0.000010 0.000010
0.525382 0.000010 0.000010 0.000010 0.474558 0.000010 0.000010 0.000010
