0.000010 0.977545 0.000010 0.022425 0.000010
0.000010 0.982039 0.017931 0.000010 0.000010
0.000010 0.745758 0.000010 0.000010 0.254212
0.000010 0.770801 0.000010 0.229169 0.000010
0.000010 0.951060 0.048910 0.000010 0.000010
0.000010 0.999960 0.000010 0.000010 0.000010
0.000010 0.999960 0.000010 0.000010 0.000010
0.719991 0.279979 0.000010 0.000010 0.000010
0.000010 0.633228 0.000010 0.000010 0.366742
0.000010 0.705567 0.000010 0.000010 0.294403
0.000010 0.999960 0.000010 0.000010 0.000010
0.000010 0.999960 0.000010 0.000010 0.000010
0.000010 0.999955 0.000010 0.000015 0.000010
0.000010 0.999960 0.000010 0.000010 0.000010
0.000010 0.506431 0.000010 0.493539 0.000010
0.000010 0.999960 0.000010 0.000010 0.000010
0.000010 0.933987 0.065983 0.000010 0.000010
0.000010 0.120730 0.000010 0.879240 0.000010
0.000010 0.999960 0.000010 0.000010 0.000010
0.000010 0.648137 0.000010 0.351833 0.000010
0.000010 0.971217 0.028753 0.000010 0.000010
0.000010 0.999960 0.000010 0.000010 0.000010
0.000010 0.999960 0.000010 0.000010 0.000010
0.000010 0.999960 0.000010 0.000010 0.000010
0.000010 0.983783 0.000010 0.000010 0.016187
0.000010 0.738171 0.071320 0.000010 0.190489
0.000010 0.999960 0.000010 0.000010 0.000010
0.000010 0.234835 0.000010 0.000010 0.765135
0.000010 0.705690 0.000010 0.294280 0.000010
0.000010 0.999960 0.000010 0.000010 0.000010
0.000010 0.834331 0.000010 0.000010 0.165639
0.000010 0.999960 0.000010 0.000010 0.000010
0.000010 0.961645 0.038325 0.000010 0.000010
0.000010 0.999960 0.000010 0.000010 0.000010
0.000010 0.999960 0.000010 0.000010 0.000010
0.000010 0.999960 0.000010 0.000010 0.000010
0.000010 0.999960 0.000010 0.000010 0.000010
0.000010 0.999960 0.000010 0.000010 0.000010
0.000010 0.999960 0.000010 0.000010 0.000010
0.000010 0.999960 0.000010 0.000010 0.000010
0.000010 0.999960 0.000010 0.000010 0.000010
0.000010 0.515634 0.000010 0.141859 0.342487
0.000010 0.999960 0.000010 0.000010 0.000010
0.000010 0.476220 0.000010 0.523750 0.000010
0.000010 0.779819 0.000010 0.026770 0.193391
0.000010 0.953588 0.019770 0.000010 0.026621
0.000010 0.543228 0.000010 0.456742 0.000010
0.000010 0.816024 0.000010 0.183946 0.000010
0.000010 0.968483 0.031487 0.000010 0.000010
0.000010 0.886321 0.000010 0.000010 0.113649
0.000010 0.999960 0.000010 0.000010 0.000010
0.000010 0.999960 0.000010 0.000010 0.000010
0.000010 0.999960 0.000010 0.000010 0.000010
0.000010 0.983617 0.016353 0.000010 0.000010
0.000010 0.106413 0.000010 0.000010 0.893557
0.000010 0.880936 0.000010 0.119034 0.000010
0.000010 0.999960 0.000010 0.000010 0.000010
0.000010 0.999960 0.000010 0.000010 0.000010
0.000010 0.735124 0.000010 0.158910 0.105946
0.000010 0.999955 0.000015 0.000010 0.000010
0.000010 0.702652 0.101563 0.195765 0.000010
0.000010 0.999960 0.000010 0.000010 0.000010
0.000010 0.801365 0.000010 0.073986 0.124629
0.000011 0.999959 0.000010 0.000010 0.000010
0.000010 0.999960 0.000010 0.000010 0.000010
0.000010 0.999960 0.000010 0.000010 0.000010
0.000010 0.999960 0.000010 0.000010 0.000010
0.000010 0.896788 0.000010 0.000010 0.103182
0.000010 0.679221 0.000010 0.000010 0.320749
0.000010 0.916586 0.000010 0.083384 0.000010
0.000010 0.999960 0.000010 0.000010 0.000010
0.000010 0.780813 0.000010 0.219157 0.000010
0.000010 0.787644 0.000010 0.000010 0.212326
0.000010 0.737259 0.000010 0.000010 0.262711
0.000010 0.804821 0.000010 0.000010 0.195149
0.000010 0.735257 0.000010 0.264713 0.000010
0.000010 0.717083 0.000010 0.000010 0.282887
0.000010 0.999960 0.000010 0.000010 0.000010
0.000010 0.827238 0.000010 0.068277 0.104465
0.000010 0.477905 0.000010 0.000010 0.522065
0.000010 0.560125 0.000010 0.000010 0.439845
0.000010 0.999960 0.000010 0.000010 0.000010
0.000010 0.588365 0.000010 0.000010 0.411605
0.000010 0.999960 0.000010 0.000010 0.000010
0.000010 0.999960 0.000010 0.000010 0.000010
0.000010 0.999960 0.000010 0.000010 0.000010
0.000010 0.992632 0.000010 0.000010 0.007338
0.000010 0.969013 0.030957 0.000010 0.000010
0.000010 0.748877 0.000010 0.000010 0.251093
0.000010 0.999960 0.000010 0.000010 0.000010
0.000010 0.986135 0.013835 0.000010 0.000010
0.000010 0.999960 0.000010 0.000010 0.000010
0.000010 0.829935 0.000010 0.170035 0.000010
0.000010 0.999960 0.000010 0.000010 0.000010
0.000010 0.999960 0.000010 0.000010 0.000010
0.000010 0.244248 0.000010 0.755722 0.000010
0.000010 0.975064 0.024906 0.000010 0.000010
0.000010 0.999960 0.000010 0.000010 0.000010
0.000010 0.999960 0.000010 0.000010 0.000010
0.000010 0.455544 0.000010 0.000010 0.544426
0.000010 0.646667 0.000010 0.000010 0.353303
0.000010 0.980818 0.019152 0.000010 0.000010
0.000010 0.999960 0.000010 0.000010 0.000010
0.000010 0.907509 0.000010 0.000010 0.092461
0.000010 0.713605 0.000010 0.000010 0.286365
0.000010 0.887244 0.000010 0.112726 0.000010
0.000010 0.999960 0.000010 0.000010 0.000010
0.000010 0.324721 0.000010 0.000010 0.675249
0.000010 0.999960 0.000010 0.000010 0.000010
0.000010 0.999960 0.000010 0.000010 0.000010
0.000010 0.709017 0.000010 0.290953 0.000010
0.000010 0.999960 0.000010 0.000010 0.000010
0.000010 0.999960 0.000010 0.000010 0.000010
0.000010 0.999960 0.000010 0.000010 0.000010
0.000010 0.237160 0.000010 0.762810 0.000010
0.000010 0.985672 0.014298 0.000010 0.000010
0.000010 0.999960 0.000010 0.000010 0.000010
0.000010 0.470794 0.044392 0.000010 0.484795
0.000010 0.999960 0.000010 0.000010 0.000010
0.000010 0.885013 0.111382 0.000010 0.003585
0.000010 0.909992 0.000010 0.089978 0.000010
0.000010 0.999960 0.000010 0.000010 0.000010
0.000010 0.999960 0.000010 0.000010 0.000010
0.000010 0.737730 0.000010 0.000010 0.262240
0.000010 0.563688 0.000010 0.000010 0.436282
0.000010 0.777392 0.000010 0.000010 0.222578
0.000010 0.999960 0.000010 0.000010 0.000010
0.000010 0.866111 0.000010 0.000010 0.133859
0.000010 0.623114 0.000010 0.376856 0.000010
0.000010 0.869682 0.000010 0.000010 0.130288
0.000010 0.999960 0.000010 0.000010 0.000010
0.000010 0.984088 0.015882 0.000010 0.000010
0.000010 0.999960 0.000010 0.000010 0.000010
0.000010 0.855664 0.000010 0.000010 0.144306
0.000010 0.833539 0.000010 0.166431 0.000010
0.000010 0.814039 0.000010 0.000010 0.185931
0.000010 0.562792 0.000010 0.437178 0.000010
0.000010 0.751446 0.017404 0.000010 0.231130
0.000010 0.000010 0.000010 0.000010 0.999960
0.000010 0.999960 0.000010 0.000010 0.000010
0.000010 0.621266 0.000010 0.000010 0.378704
0.000010 0.912645 0.000010 0.000010 0.087325
0.000010 0.999960 0.000010 0.000010 0.000010
0.000010 0.999956 0.000014 0.000010 0.000010
0.000010 0.715759 0.000010 0.061280 0.222941
0.000010 0.856896 0.000010 0.000010 0.143074
0.000010 0.856019 0.039178 0.000010 0.104783
0.000010 0.906948 0.000010 0.000010 0.093022
0.000010 0.728328 0.000010 0.000010 0.271642
0.000010 0.999960 0.000010 0.000010 0.000010
0.000010 0.999960 0.000010 0.000010 0.000010
0.733788 0.266182 0.000010 0.000010 0.000010
0.000010 0.999960 0.000010 0.000010 0.000010
0.000010 0.973347 0.026623 0.000010 0.000010
0.000010 0.999960 0.000010 0.000010 0.000010
0.000010 0.999960 0.000010 0.000010 0.000010
0.000010 0.765686 0.000010 0.000010 0.234284
0.000010 0.654579 0.000010 0.000010 0.345391
0.000010 0.721643 0.000010 0.000010 0.278327
0.000010 0.495063 0.000010 0.504907 0.000010
0.000010 0.999960 0.000010 0.000010 0.000010
0.000010 0.999960 0.000010 0.000010 0.000010
0.000010 0.999960 0.000010 0.000010 0.000010
0.000010 0.999960 0.000010 0.000010 0.000010
0.000010 0.607648 0.000010 0.392322 0.000010
0.000010 0.553490 0.000010 0.446480 0.000010
0.000010 0.973779 0.000010 0.000010 0.026191
0.000010 0.999960 0.000010 0.000010 0.000010
0.000010 0.409091 0.000010 0.000010 0.590879
0.000010 0.000010 0.000010 0.000010 0.999960
0.000010 0.642184 0.000010 0.000010 0.357786
0.000010 0.999960 0.000010 0.000010 0.000010
0.000010 0.999960 0.000010 0.000010 0.000010
0.000010 0.322069 0.000010 0.476124 0.201787
0.000010 0.759325 0.000010 0.240645 0.000010
0.000010 0.999960 0.000010 0.000010 0.000010
0.000010 0.999960 0.000010 0.000010 0.000010
0.000010 0.863626 0.000010 0.136344 0.000010
0.172492 0.694573 0.012496 0.000010 0.120429
0.000010 0.408313 0.004133 0.587534 0.000010
0.000010 0.000010 0.000010 0.999960 0.000010
0.000010 0.999960 0.000010 0.000010 0.000010
0.000010 0.680741 0.039493 0.279746 0.000010
0.000010 0.693936 0.000010 0.306034 0.000010
0.000010 0.791624 0.000010 0.208346 0.000010
0.000010 0.374466 0.000010 0.625504 0.000010
0.000010 0.000010 0.041034 0.958936 0.000010
0.000010 0.000010 0.000010 0.999960 0.000010
0.000010 0.000010 0.000010 0.999960 0.000010
0.000010 0.254971 0.000010 0.744999 0.000010
0.000010 0.747799 0.000010 0.223692 0.028489
0.000010 0.682841 0.000010 0.317129 0.000010
0.000010 0.522017 0.000010 0.477953 0.000010
0.000010 0.097444 0.053535 0.849001 0.000010
0.000010 0.669291 0.000010 0.330679 0.000010
0.000010 0.799863 0.000010 0.200107 0.000010
0.000010 0.000010 0.000010 0.999960 0.000010
0.000010 0.734650 0.000010 0.265320 0.000010
0.000010 0.286173 0.000010 0.713797 0.000010
0.000010 0.845202 0.000010 0.154768 0.000010
0.000010 0.831344 0.000010 0.168626 0.000010
0.000010 0.000010 0.000010 0.999960 0.000010
0.000010 0.339089 0.000010 0.660881 0.000010
0.000010 0.770619 0.000010 0.229351 0.000010
0.000010 0.080087 0.000010 0.919883 0.000010
0.000010 0.668411 0.000010 0.331559 0.000010
0.000010 0.849202 0.000010 0.150768 0.000010
0.000010 0.585822 0.049203 0.364955 0.000010
0.000010 0.526168 0.000010 0.473802 0.000010
0.000010 0.000010 0.000010 0.999960 0.000010
0.000010 0.848542 0.000010 0.151428 0.000010
0.000010 0.533451 0.000010 0.466519 0.000010
0.000010 0.283459 0.000010 0.716511 0.000010
0.000010 0.342659 0.000010 0.657311 0.000010
0.005554 0.677068 0.000010 0.317358 0.000010
0.000010 0.000010 0.000010 0.999960 0.000010
0.000010 0.757109 0.000010 0.242861 0.000010
0.000010 0.760945 0.000010 0.239025 0.000010
0.161326 0.648682 0.000045 0.189936 0.000010
0.000010 0.750329 0.000010 0.249641 0.000010
0.000010 0.514929 0.000010 0.485041 0.000010
0.000010 0.999960 0.000010 0.000010 0.000010
0.000010 0.280753 0.000010 0.719217 0.000010
0.000010 0.558988 0.000010 0.440982 0.000010
0.000010 0.741542 0.000010 0.258428 0.000010
0.000010 0.249366 0.005790 0.744824 0.000010
0.000010 0.744220 0.000010 0.255750 0.000010
0.000010 0.000010 0.000010 0.999960 0.000010
0.000010 0.000010 0.000010 0.999960 0.000010
0.000010 0.111470 0.000010 0.888500 0.000010
0.000010 0.492360 0.000010 0.507610 0.000010
0.000010 0.902829 0.000010 0.097141 0.000010
0.000010 0.808353 0.000010 0.191617 0.000010
0.000010 0.219083 0.000010 0.780887 0.000010
0.633656 0.102128 0.000010 0.264196 0.000010
0.000010 0.074351 0.000010 0.925619 0.000010
0.000010 0.000010 0.000010 0.999960 0.000010
0.000010 0.879888 0.001264 0.118828 0.000010
0.000010 0.804453 0.000010 0.195517 0.000010
0.000010 0.805617 0.000010 0.194353 0.000010
0.000010 0.724435 0.000010 0.275535 0.000010
0.000010 0.000010 0.000010 0.999960 0.000010
0.000010 0.154338 0.000010 0.845632 0.000010
0.000010 0.331312 0.121386 0.547282 0.000010
0.000010 0.708938 0.000010 0.291032 0.000010
0.000010 0.766497 0.000010 0.233473 0.000010
0.000010 0.469812 0.079088 0.451080 0.000010
0.000010 0.000010 0.078812 0.921158 0.000010
0.000010 0.564419 0.000010 0.435551 0.000010
0.000010 0.452507 0.000010 0.547463 0.000010
0.000010 0.721043 0.000010 0.278927 0.000010
0.000010 0.916773 0.000010 0.083197 0.000010
0.000010 0.668071 0.000010 0.331899 0.000010
0.000010 0.000010 0.000010 0.999960 0.000010
0.263902 0.404075 0.000010 0.332003 0.000010
0.000010 0.000010 0.000010 0.999960 0.000010
0.000010 0.737001 0.022803 0.240175 0.000010
0.000010 0.018248 0.054239 0.927493 0.000010
0.000010 0.000010 0.000010 0.999960 0.000010
0.000010 0.946917 0.000010 0.053053 0.000010
0.000010 0.796867 0.000010 0.203103 0.000010
0.000010 0.197122 0.000010 0.802848 0.000010
0.000010 0.675708 0.000010 0.324262 0.000010
0.000010 0.453480 0.002696 0.543805 0.000010
0.000010 0.091578 0.000010 0.908392 0.000010
0.000010 0.530154 0.000010 0.469816 0.000010
0.000010 0.615083 0.000010 0.384887 0.000010
0.000010 0.846276 0.000010 0.153694 0.000010
0.000010 0.172851 0.000010 0.827119 0.000010
0.000010 0.000010 0.000010 0.999960 0.000010
0.000010 0.031114 0.000010 0.968856 0.000010
0.000010 0.614511 0.039660 0.345809 0.000010
0.000010 0.713607 0.000010 0.286363 0.000010
0.000010 0.495153 0.222293 0.282534 0.000010
0.000010 0.000010 0.000010 0.999960 0.000010
0.000010 0.877792 0.000010 0.122178 0.000010
0.000010 0.000010 0.000010 0.999960 0.000010
0.000010 0.663177 0.000010 0.336793 0.000010
0.000010 0.683813 0.000010 0.316157 0.000010
0.000010 0.999960 0.000010 0.000010 0.000010
0.000010 0.502029 0.000010 0.497941 0.000010
0.000010 0.169046 0.000010 0.830924 0.000010
0.000010 0.829536 0.000010 0.170434 0.000010
0.037045 0.962925 0.000010 0.000010 0.000010
0.000010 0.818492 0.010550 0.170938 0.000010
0.000010 0.149221 0.000010 0.850749 0.000010
0.000010 0.455665 0.000010 0.544305 0.000010
0.000010 0.047891 0.000010 0.952079 0.000010
0.208057 0.789455 0.000010 0.002468 0.000010
0.000010 0.775815 0.000010 0.224155 0.000010
0.000010 0.484341 0.015314 0.500325 0.000010
0.000010 0.177363 0.000010 0.822607 0.000010
0.000010 0.408961 0.000010 0.591009 0.000010
0.000010 0.000010 0.000010 0.999960 0.000010
0.178225 0.577685 0.132360 0.111720 0.000010
0.000010 0.619223 0.070962 0.309794 0.000010
0.000010 0.881277 0.012763 0.105940 0.000010
0.000010 0.240578 0.000010 0.759392 0.000010
0.000010 0.267767 0.000010 0.732203 0.000010
0.000010 0.581400 0.000010 0.418570 0.000010
0.000010 0.667759 0.000010 0.332211 0.000010
0.000010 0.890229 0.000010 0.109741 0.000010
0.000010 0.000010 0.000010 0.999960 0.000010
0.000010 0.776009 0.000010 0.223961 0.000010
0.000010 0.680039 0.000010 0.319931 0.000010
0.000010 0.957502 0.000010 0.042468 0.000010
0.000010 0.247835 0.000010 0.752135 0.000010
0.000010 0.389987 0.000010 0.609983 0.000010
0.000010 0.750942 0.055783 0.193255 0.000010
0.000010 0.000010 0.000010 0.999960 0.000010
0.000010 0.000010 0.000010 0.999960 0.000010
0.000010 0.264015 0.053562 0.682403 0.000010
0.000010 0.715790 0.043578 0.240611 0.000010
0.000010 0.898237 0.000010 0.101733 0.000010
0.000010 0.755314 0.034222 0.210444 0.000010
0.000010 0.734956 0.000010 0.265014 0.000010
0.000010 0.410046 0.000010 0.589924 0.000010
0.000010 0.744505 0.086908 0.168567 0.000010
0.000010 0.000010 0.000010 0.999960 0.000010
0.000010 0.000010 0.000010 0.999960 0.000010
0.000010 0.876538 0.000010 0.123432 0.000010
0.000010 0.804355 0.000010 0.195615 0.000010
0.749203 0.250767 0.000010 0.000010 0.000010
0.000010 0.128153 0.072495 0.000010 0.799331
0.309087 0.690883 0.000010 0.000010 0.000010
0.999960 0.000010 0.000010 0.000010 0.000010
0.426998 0.572972 0.000010 0.000010 0.000010
0.865086 0.000010 0.000010 0.134884 0.000010
0.000010 0.285126 0.000010 0.000010 0.714844
0.000010 0.641699 0.000010 0.000010 0.358271
0.000010 0.688215 0.000010 0.000010 0.311755
0.451050 0.548920 0.000010 0.000010 0.000010
0.999960 0.000010 0.000010 0.000010 0.000010
0.000010 0.664733 0.000010 0.335237 0.000010
0.636020 0.363950 0.000010 0.000010 0.000010
0.665409 0.334561 0.000010 0.000010 0.000010
0.000010 0.229203 0.042872 0.000010 0.727905
0.625224 0.000010 0.000012 0.374744 0.000010
0.000010 0.438912 0.000010 0.000010 0.561058
0.000010 0.707523 0.000010 0.081379 0.211078
0.999960 0.000010 0.000010 0.000010 0.000010
0.517986 0.481984 0.000010 0.000010 0.000010
0.000010 0.000010 0.000010 0.504843 0.495127
0.000010 0.394355 0.000010 0.605615 0.000010
0.502986 0.496984 0.000010 0.000010 0.000010
0.428926 0.571043 0.000011 0.000010 0.000010
0.452569 0.439748 0.036192 0.071481 0.000010
0.000010 0.269611 0.000010 0.000010 0.730359
0.000010 0.576949 0.000010 0.000010 0.423021
0.510565 0.450034 0.039380 0.000010 0.000010
0.999960 0.000010 0.000010 0.000010 0.000010
0.536663 0.394266 0.069051 0.000010 0.000010
0.627477 0.372493 0.000010 0.000010 0.000010
0.287374 0.651478 0.061128 0.000010 0.000010
0.383569 0.616401 0.000010 0.000010 0.000010
0.705057 0.294913 0.000010 0.000010 0.000010
0.000010 0.551948 0.000010 0.000010 0.448022
0.000010 0.722127 0.000010 0.043604 0.234249
0.999960 0.000010 0.000010 0.000010 0.000010
0.999960 0.000010 0.000010 0.000010 0.000010
0.000010 0.000010 0.000010 0.999960 0.000010
0.356001 0.563980 0.000010 0.079999 0.000010
0.999960 0.000010 0.000010 0.000010 0.000010
0.999960 0.000010 0.000010 0.000010 0.000010
0.497604 0.442844 0.059532 0.000010 0.000010
0.000010 0.682460 0.000010 0.000010 0.317510
0.422887 0.577083 0.000010 0.000010 0.000010
0.617833 0.382137 0.000010 0.000010 0.000010
0.387842 0.535658 0.000010 0.076480 0.000010
0.907345 0.092625 0.000010 0.000010 0.000010
0.000010 0.009855 0.000010 0.212277 0.777847
0.307307 0.447496 0.019592 0.000010 0.225595
0.000010 0.000010 0.000010 0.000010 0.999960
0.000010 0.579586 0.075402 0.000010 0.344992
0.381973 0.617997 0.000010 0.000010 0.000010
0.484180 0.495947 0.019853 0.000010 0.000010
0.000010 0.756041 0.000010 0.000010 0.243929
0.399778 0.600192 0.000010 0.000010 0.000010
0.313974 0.000010 0.094457 0.058104 0.533455
0.000010 0.589335 0.037726 0.000010 0.372918
0.999960 0.000010 0.000010 0.000010 0.000010
0.469969 0.503457 0.000010 0.026554 0.000010
0.674452 0.325518 0.000010 0.000010 0.000010
0.535347 0.464623 0.000010 0.000010 0.000010
0.000010 0.000010 0.000010 0.000010 0.999960
0.000010 0.665447 0.049558 0.000010 0.284976
0.414240 0.365398 0.000010 0.000010 0.220342
0.999960 0.000010 0.000010 0.000010 0.000010
0.999960 0.000010 0.000010 0.000010 0.000010
0.000010 0.446446 0.028919 0.000010 0.524614
0.527156 0.472814 0.000010 0.000010 0.000010
0.463893 0.536077 0.000010 0.000010 0.000010
0.000010 0.851816 0.000010 0.000010 0.148154
0.000010 0.652413 0.000010 0.347557 0.000010
0.000010 0.603702 0.000010 0.000010 0.396268
0.232907 0.603245 0.090011 0.073827 0.000010
0.000010 0.589518 0.097098 0.000010 0.313364
0.000010 0.737512 0.000010 0.000010 0.262458
0.000010 0.213875 0.000010 0.000010 0.786095
0.000010 0.467666 0.000010 0.000010 0.532304
0.999960 0.000010 0.000010 0.000010 0.000010
0.943246 0.056724 0.000010 0.000010 0.000010
0.000010 0.000010 0.000010 0.000010 0.999960
0.000010 0.000010 0.000010 0.000010 0.999960
0.000010 0.614477 0.000010 0.000010 0.385493
0.765640 0.234330 0.000010 0.000010 0.000010
0.764092 0.059592 0.079373 0.000010 0.096933
0.835627 0.164343 0.000010 0.000010 0.000010
0.000010 0.617629 0.000010 0.000010 0.382341
0.691898 0.253441 0.054641 0.000010 0.000010
0.588859 0.241090 0.000010 0.170031 0.000010
0.999960 0.000010 0.000010 0.000010 0.000010
0.000010 0.417755 0.000010 0.000010 0.582215
0.274164 0.630716 0.000010 0.095100 0.000010
0.000010 0.757408 0.000010 0.000010 0.242562
0.316741 0.571731 0.031755 0.000010 0.079763
0.000010 0.536548 0.066127 0.066945 0.330369
0.695148 0.000010 0.000010 0.304822 0.000010
0.312362 0.000010 0.000010 0.321330 0.366288
0.225670 0.582911 0.000010 0.000010 0.191399
0.000010 0.173619 0.117588 0.000010 0.708773
0.361356 0.638614 0.000010 0.000010 0.000010
0.250297 0.350056 0.000010 0.272059 0.127579
0.618146 0.381824 0.000010 0.000010 0.000010
0.765923 0.000010 0.000010 0.234047 0.000010
0.976845 0.000010 0.023125 0.000010 0.000010
0.000010 0.740696 0.010809 0.000010 0.248476
0.429304 0.570666 0.000010 0.000010 0.000010
0.312054 0.497134 0.000010 0.000010 0.190792
0.897007 0.102963 0.000010 0.000010 0.000010
0.535467 0.464503 0.000010 0.000010 0.000010
0.000010 0.736005 0.040898 0.000010 0.223078
0.000010 0.815408 0.000010 0.184562 0.000010
0.000010 0.000010 0.000010 0.000010 0.999960
0.516951 0.483019 0.000010 0.000010 0.000010
0.686859 0.006518 0.000010 0.306604 0.000010
0.986547 0.000010 0.013423 0.000010 0.000010
0.000010 0.000010 0.000010 0.000010 0.999960
0.208946 0.718813 0.000010 0.000010 0.072221
0.000010 0.714236 0.025729 0.000010 0.260016
0.999960 0.000010 0.000010 0.000010 0.000010
0.402196 0.338434 0.048845 0.000010 0.210515
0.810436 0.027290 0.162254 0.000010 0.000010
0.000010 0.795660 0.010062 0.000010 0.194258
0.234992 0.000010 0.000010 0.176882 0.588106
0.404179 0.323747 0.081426 0.000010 0.190638
0.000010 0.380644 0.000010 0.000010 0.619326
0.390482 0.055134 0.000010 0.000010 0.554364
0.670108 0.000010 0.000010 0.103840 0.226033
0.999960 0.000010 0.000010 0.000010 0.000010
0.136888 0.726133 0.000010 0.136959 0.000010
0.000010 0.729600 0.000010 0.000010 0.270370
0.525723 0.000010 0.058081 0.222633 0.193553
0.523439 0.476531 0.000010 0.000010 0.000010
0.315207 0.684763 0.000010 0.000010 0.000010
0.184852 0.463346 0.261499 0.082291 0.008012
0.999960 0.000010 0.000010 0.000010 0.000010
0.000010 0.204333 0.000010 0.197612 0.598036
0.742918 0.177820 0.079242 0.000010 0.000010
0.402404 0.572051 0.025525 0.000010 0.000010
0.937650 0.062320 0.000010 0.000010 0.000010
0.475431 0.440782 0.000010 0.083767 0.000010
0.999960 0.000010 0.000010 0.000010 0.000010
0.000010 0.310492 0.085864 0.098386 0.505247
0.000010 0.000010 0.000010 0.391960 0.608010
0.999960 0.000010 0.000010 0.000010 0.000010
0.408627 0.591343 0.000010 0.000010 0.000010
0.000010 0.548811 0.060170 0.093249 0.297760
0.176119 0.591348 0.000010 0.000010 0.232514
0.000010 0.409295 0.000010 0.180348 0.410337
0.593194 0.406776 0.000010 0.000010 0.000010
0.000010 0.000010 0.000010 0.289260 0.710710
0.000010 0.397012 0.000010 0.277388 0.325580
0.514528 0.123672 0.000010 0.217919 0.143871
0.431576 0.260733 0.016534 0.166938 0.124219
0.476897 0.523073 0.000010 0.000010 0.000010
0.896772 0.103198 0.000010 0.000010 0.000010
0.000010 0.000010 0.000010 0.000010 0.999960
0.977137 0.000010 0.022833 0.000010 0.000010
0.178858 0.651745 0.000010 0.000010 0.169377
0.371915 0.628055 0.000010 0.000010 0.000010
0.345010 0.654960 0.000010 0.000010 0.000010
0.000010 0.000010 0.000010 0.000010 0.999960
0.441731 0.000010 0.000010 0.000010 0.558239
0.000010 0.000010 0.000010 0.000010 0.999960
0.207237 0.702251 0.023321 0.067181 0.000010
0.000010 0.733429 0.000010 0.266541 0.000010
0.000010 0.739385 0.000010 0.260585 0.000010
0.000010 0.000010 0.236897 0.763073 0.000010
0.000010 0.413240 0.000010 0.586730 0.000010
0.000010 0.578958 0.069391 0.351631 0.000010
0.000010 0.696659 0.000010 0.303311 0.000010
0.000010 0.541850 0.000010 0.458120 0.000010
0.000010 0.295165 0.000010 0.704805 0.000010
0.331407 0.008073 0.000010 0.660499 0.000010
0.000010 0.431026 0.000010 0.568944 0.000010
0.000010 0.221496 0.000010 0.778474 0.000010
0.802226 0.197744 0.000010 0.000010 0.000010
0.280971 0.647860 0.000010 0.071149 0.000010
0.000010 0.874881 0.000010 0.000010 0.125089
0.675272 0.216299 0.000010 0.000010 0.108409
0.000010 0.318202 0.000010 0.211989 0.469788
0.000010 0.372199 0.000010 0.000010 0.627771
0.000010 0.456583 0.000010 0.000010 0.543387
0.000010 0.000010 0.000010 0.176465 0.823505
0.235232 0.463326 0.000010 0.024568 0.276864
0.999960 0.000010 0.000010 0.000010 0.000010
0.246078 0.614261 0.000010 0.139641 0.000010
0.999960 0.000010 0.000010 0.000010 0.000010
0.523042 0.294771 0.008990 0.173187 0.000010
0.000010 0.414606 0.013610 0.000010 0.571764
0.563845 0.225344 0.000010 0.210791 0.000010
0.594294 0.405676 0.000010 0.000010 0.000010
0.000010 0.394041 0.000010 0.125149 0.480790
0.480581 0.271347 0.000010 0.000010 0.248052
0.513804 0.000010 0.013707 0.299388 0.173091
0.000010 0.538689 0.000010 0.092108 0.369183
0.246363 0.303802 0.000010 0.183163 0.266661
0.511335 0.488635 0.000010 0.000010 0.000010
0.000010 0.134915 0.000010 0.000010 0.865055
0.000010 0.048516 0.000010 0.193538 0.757926
0.000010 0.361571 0.000010 0.000010 0.638399
0.999960 0.000010 0.000010 0.000010 0.000010
0.521697 0.478273 0.000010 0.000010 0.000010
0.000010 0.280087 0.049045 0.000010 0.670847
0.000010 0.345323 0.000010 0.169562 0.485094
0.826145 0.000010 0.000010 0.000010 0.173825
0.403041 0.191989 0.063494 0.000010 0.341466
0.000010 0.000010 0.000010 0.000010 0.999960
0.653524 0.000010 0.000010 0.000010 0.346446
0.618414 0.263307 0.000010 0.000010 0.118259
0.753423 0.000010 0.000010 0.000010 0.246547
0.728200 0.271770 0.000010 0.000010 0.000010
0.000010 0.615596 0.000010 0.000010 0.384374
0.929090 0.000010 0.000010 0.070880 0.000010
0.000010 0.000010 0.000010 0.321654 0.678316
0.999960 0.000010 0.000010 0.000010 0.000010
0.600789 0.000010 0.000010 0.240506 0.158685
0.000010 0.070599 0.000010 0.000010 0.929371
0.436998 0.562972 0.000010 0.000010 0.000010
0.773139 0.134844 0.091997 0.000010 0.000010
0.000010 0.659482 0.000010 0.000010 0.340488
0.999960 0.000010 0.000010 0.000010 0.000010
0.345797 0.219897 0.000010 0.000010 0.434286
0.000010 0.682120 0.044487 0.000010 0.273374
0.000010 0.000010 0.027227 0.000010 0.972743
0.963024 0.036946 0.000010 0.000010 0.000010
0.672728 0.327242 0.000010 0.000010 0.000010
0.541259 0.458711 0.000010 0.000010 0.000010
0.275461 0.648588 0.000010 0.000010 0.075931
0.000010 0.322203 0.059965 0.000010 0.617812
0.000010 0.759565 0.000013 0.000010 0.240402
0.302792 0.697178 0.000010 0.000010 0.000010
0.000010 0.597425 0.000010 0.000010 0.402545
0.456502 0.543468 0.000010 0.000010 0.000010
0.999960 0.000010 0.000010 0.000010 0.000010
0.605401 0.000010 0.062995 0.239466 0.092128
0.000010 0.218579 0.000010 0.000010 0.781391
0.999960 0.000010 0.000010 0.000010 0.000010
0.000010 0.000010 0.015406 0.000010 0.984564
0.537951 0.000010 0.044473 0.105455 0.312111
0.613135 0.000010 0.000010 0.000010 0.386835
0.327807 0.490234 0.000010 0.000010 0.181939
0.999960 0.000010 0.000010 0.000010 0.000010
0.244678 0.644300 0.000010 0.111001 0.000010
0.774390 0.225580 0.000010 0.000010 0.000010
0.365193 0.386378 0.040528 0.000010 0.207892
0.999960 0.000010 0.000010 0.000010 0.000010
0.986951 0.013019 0.000010 0.000010 0.000010
0.263933 0.000010 0.000010 0.335320 0.400727
0.584150 0.000010 0.000010 0.000010 0.415820
0.365350 0.224734 0.000010 0.121328 0.288578
0.000010 0.134239 0.113247 0.000010 0.752494
0.693185 0.000010 0.000010 0.000010 0.306785
0.000010 0.522374 0.000010 0.000010 0.477596
0.481234 0.518736 0.000010 0.000010 0.000010
0.000010 0.452425 0.000010 0.000010 0.547545
0.230815 0.246209 0.000010 0.111329 0.411636
0.999960 0.000010 0.000010 0.000010 0.000010
0.441333 0.049752 0.000010 0.098619 0.410286
0.220247 0.632394 0.000010 0.041969 0.105380
0.451247 0.000010 0.000010 0.050160 0.498573
0.135962 0.628920 0.000010 0.000010 0.235099
0.000010 0.994493 0.005477 0.000010 0.000010
0.343026 0.000010 0.000010 0.000010 0.656944
0.000010 0.999960 0.000010 0.000010 0.000010
0.000010 0.574928 0.000010 0.000010 0.425042
0.816310 0.183660 0.000010 0.000010 0.000010
0.626622 0.000010 0.000010 0.000010 0.373348
0.688128 0.000010 0.000010 0.000010 0.311842
0.314603 0.588995 0.000010 0.096382 0.000010
0.124817 0.597601 0.000010 0.000010 0.277562
0.481384 0.518586 0.000010 0.000010 0.000010
0.000010 0.421981 0.000010 0.000010 0.577989
0.000010 0.701841 0.000010 0.090793 0.207345
0.000010 0.999960 0.000010 0.000010 0.000010
0.578429 0.000010 0.017109 0.110300 0.294153
0.852864 0.147106 0.000010 0.000010 0.000010
0.000010 0.160117 0.000010 0.000010 0.839853
0.462975 0.451892 0.085112 0.000010 0.000010
0.000010 0.116810 0.000010 0.000010 0.883160
0.560807 0.269467 0.000010 0.000010 0.169707
0.810863 0.189107 0.000010 0.000010 0.000010
0.000010 0.632264 0.000010 0.078438 0.289278
0.310518 0.000010 0.000010 0.000010 0.689452
0.618873 0.110941 0.000010 0.000010 0.270166
0.516788 0.224537 0.000010 0.000010 0.258656
0.764143 0.000010 0.000010 0.000010 0.235827
0.719902 0.000010 0.000010 0.000010 0.280068
0.231788 0.617534 0.072218 0.000010 0.078450
0.234435 0.765535 0.000010 0.000010 0.000010
0.330101 0.573328 0.000010 0.096552 0.000010
0.506510 0.000010 0.000010 0.103059 0.390411
0.232111 0.462710 0.000010 0.012266 0.292903
0.402756 0.346552 0.067199 0.000010 0.183484
0.621138 0.378832 0.000010 0.000010 0.000010
0.683537 0.000010 0.000010 0.000010 0.316433
0.650088 0.113167 0.026304 0.000010 0.210431
0.758727 0.000010 0.000010 0.000010 0.241243
0.806228 0.000013 0.000010 0.193739 0.000010
0.544143 0.064659 0.000010 0.000010 0.391177
0.000010 0.999960 0.000010 0.000010 0.000010
0.835187 0.000010 0.000010 0.164783 0.000010
0.258181 0.100249 0.078817 0.128993 0.433761
0.448338 0.551632 0.000010 0.000010 0.000010
0.000010 0.999960 0.000010 0.000010 0.000010
0.729757 0.000010 0.000017 0.000010 0.270207
0.000010 0.999960 0.000010 0.000010 0.000010
0.535973 0.000010 0.034865 0.172412 0.256740
0.752295 0.000010 0.022949 0.000010 0.224736
0.296146 0.055822 0.000010 0.000010 0.648012
0.278039 0.000010 0.000010 0.200729 0.521212
0.000010 0.000010 0.000010 0.000010 0.999960
0.452804 0.000010 0.000010 0.064961 0.482216
0.923558 0.076412 0.000010 0.000010 0.000010
0.999960 0.000010 0.000010 0.000010 0.000010
0.393199 0.000010 0.038721 0.000010 0.568060
0.999960 0.000010 0.000010 0.000010 0.000010
0.815085 0.000010 0.000010 0.184885 0.000010
0.273389 0.245814 0.000010 0.048180 0.432607
0.000010 0.706543 0.000010 0.000010 0.293427
0.556125 0.000010 0.000010 0.000010 0.443845
0.000010 0.601073 0.000010 0.283715 0.115192
0.708209 0.000010 0.000010 0.000010 0.291761
0.541353 0.059028 0.065652 0.080647 0.253320
0.942676 0.000010 0.057294 0.000010 0.000010
0.999960 0.000010 0.000010 0.000010 0.000010
0.633061 0.366909 0.000010 0.000010 0.000010
0.810802 0.038115 0.000010 0.000010 0.151063
0.418579 0.331585 0.000010 0.088427 0.161400
0.567623 0.000010 0.000010 0.081678 0.350679
0.791013 0.182978 0.025989 0.000010 0.000010
0.666092 0.000010 0.000010 0.000010 0.333878
0.306341 0.583884 0.000010 0.109755 0.000010
0.000010 0.787487 0.000010 0.000010 0.212483
0.256350 0.587532 0.000010 0.000010 0.156098
0.851316 0.148654 0.000010 0.000010 0.000010
0.163244 0.405333 0.069021 0.131112 0.231290
0.698948 0.000010 0.120781 0.180251 0.000010
0.140841 0.566170 0.064628 0.053454 0.174907
0.495730 0.205136 0.000010 0.000010 0.299114
0.610742 0.179933 0.000010 0.000010 0.209305
0.000010 0.000010 0.000010 0.211527 0.788443
0.736479 0.000010 0.000010 0.000010 0.263491
0.622506 0.000010 0.000010 0.000010 0.377464
0.651670 0.339946 0.008364 0.000010 0.000010
0.434465 0.000010 0.000010 0.139464 0.426051
0.183474 0.729068 0.011967 0.000010 0.075480
0.446916 0.000010 0.000010 0.246261 0.306803
0.653355 0.346615 0.000010 0.000010 0.000010
0.529505 0.000010 0.000010 0.008288 0.462188
0.529327 0.420583 0.050070 0.000010 0.000010
0.000010 0.000010 0.000010 0.000010 0.999960
0.000010 0.721413 0.000010 0.000010 0.278557
0.272565 0.654925 0.072490 0.000010 0.000010
0.000010 0.720479 0.000010 0.000010 0.279491
0.677972 0.014292 0.000010 0.000010 0.307715
0.000010 0.999957 0.000010 0.000013 0.000010
0.000010 0.595823 0.000010 0.000010 0.404147
0.339070 0.531532 0.000010 0.000010 0.129379
0.000010 0.000010 0.148500 0.000010 0.851470
0.000010 0.999960 0.000010 0.000010 0.000010
0.221423 0.589574 0.093235 0.095758 0.000010
0.914410 0.085560 0.000010 0.000010 0.000010
0.354198 0.168742 0.000010 0.000010 0.477040
0.206027 0.600437 0.048557 0.000010 0.144970
0.748772 0.003388 0.000010 0.000010 0.247820
0.999960 0.000010 0.000010 0.000010 0.000010
0.720557 0.279413 0.000010 0.000010 0.000010
0.389041 0.000010 0.000010 0.000010 0.610929
0.380764 0.619206 0.000010 0.000010 0.000010
0.166754 0.391166 0.127770 0.122476 0.191834
0.000010 0.323181 0.000010 0.676789 0.000010
0.159250 0.531356 0.000010 0.097825 0.211559
0.000010 0.832409 0.021181 0.146390 0.000010
0.000010 0.000010 0.000010 0.999960 0.000010
0.218266 0.548922 0.035657 0.000010 0.197146
0.180065 0.581672 0.085964 0.152289 0.000010
0.478127 0.000010 0.000010 0.220397 0.301457
0.000010 0.538356 0.000010 0.000010 0.461614
0.685789 0.000010 0.000010 0.000010 0.314181
0.462707 0.133581 0.000010 0.206432 0.197269
0.000010 0.475276 0.000010 0.000010 0.524694
0.000010 0.225003 0.000010 0.774967 0.000010
0.000010 0.743372 0.000010 0.256598 0.000010
0.000010 0.808822 0.000010 0.000010 0.191148
0.386016 0.613954 0.000010 0.000010 0.000010
0.522554 0.414695 0.062731 0.000010 0.000010
0.730811 0.234880 0.034289 0.000010 0.000010
0.477565 0.000010 0.000010 0.000010 0.522405
0.000010 0.329651 0.042921 0.000010 0.627408
0.389646 0.337026 0.000010 0.000010 0.273308
0.000010 0.513850 0.105596 0.380533 0.000010
0.000010 0.833692 0.011219 0.155069 0.000010
0.000010 0.638045 0.000010 0.361925 0.000010
0.000010 0.000010 0.000010 0.999960 0.000010
0.222034 0.406036 0.000010 0.371910 0.000010
0.299501 0.700469 0.000010 0.000010 0.000010
0.000010 0.761662 0.000010 0.000010 0.238308
0.810111 0.189859 0.000010 0.000010 0.000010
0.000010 0.000010 0.000010 0.999960 0.000010
0.272745 0.379291 0.000010 0.347944 0.000010
0.418489 0.581481 0.000010 0.000010 0.000010
0.091510 0.639541 0.023030 0.131563 0.114355
0.999960 0.000010 0.000010 0.000010 0.000010
0.174572 0.718987 0.000010 0.000010 0.106421
0.613470 0.386500 0.000010 0.000010 0.000010
0.154132 0.714312 0.000010 0.131536 0.000010
0.485840 0.343596 0.000010 0.000010 0.170544
0.737042 0.240917 0.022020 0.000010 0.000010
0.566590 0.433380 0.000010 0.000010 0.000010
0.978730 0.000010 0.021240 0.000010 0.000010
0.388527 0.611443 0.000010 0.000010 0.000010
0.157599 0.631588 0.058342 0.033666 0.118807
0.171946 0.675238 0.000010 0.021512 0.131294
0.000010 0.369704 0.000010 0.000010 0.630266
0.000010 0.500559 0.000010 0.000010 0.499411
0.631738 0.368232 0.000010 0.000010 0.000010
0.947525 0.052445 0.000010 0.000010 0.000010
0.062634 0.693523 0.029992 0.060657 0.153193
0.000010 0.752535 0.060524 0.186921 0.000010
0.147322 0.585520 0.000010 0.267138 0.000010
0.371611 0.598422 0.029946 0.000010 0.000010
0.225082 0.618326 0.000010 0.000010 0.156571
0.000010 0.127139 0.076833 0.796009 0.000010
0.000010 0.664602 0.044457 0.000010 0.290921
0.228592 0.428807 0.034006 0.308585 0.000010
0.000010 0.888413 0.029192 0.082375 0.000010
0.999960 0.000010 0.000010 0.000010 0.000010
0.449506 0.550464 0.000010 0.000010 0.000010
0.000010 0.452863 0.000010 0.000010 0.547107
0.219662 0.726635 0.000010 0.053682 0.000010
0.000010 0.519666 0.000010 0.000010 0.480304
0.204127 0.652985 0.000010 0.000010 0.142867
0.317703 0.682267 0.000010 0.000010 0.000010
0.000010 0.459390 0.000010 0.000010 0.540580
0.000010 0.778448 0.000010 0.126401 0.095130
0.000010 0.759392 0.000010 0.000010 0.240578
0.380134 0.186100 0.061576 0.372181 0.000010
0.177619 0.541939 0.000010 0.114831 0.165601
0.405203 0.554009 0.010511 0.000010 0.030268
0.446356 0.222884 0.000010 0.000010 0.330741
0.000010 0.407747 0.064353 0.000010 0.527880
0.000010 0.515662 0.000010 0.484308 0.000010
0.000010 0.320185 0.069883 0.589245 0.020678
0.217353 0.732488 0.000010 0.000010 0.050139
0.000010 0.665752 0.050773 0.000010 0.283454
0.400987 0.598983 0.000010 0.000010 0.000010
0.999960 0.000010 0.000010 0.000010 0.000010
0.000010 0.000010 0.000010 0.999960 0.000010
0.000010 0.000010 0.066585 0.933385 0.000010
0.186010 0.727435 0.000010 0.000010 0.086535
0.999960 0.000010 0.000010 0.000010 0.000010
0.084399 0.791006 0.000010 0.124575 0.000010
0.265851 0.547451 0.000010 0.000010 0.186677
0.382924 0.382513 0.073887 0.000010 0.160666
0.590166 0.409804 0.000010 0.000010 0.000010
0.000010 0.434008 0.075399 0.000010 0.490573
0.248465 0.470320 0.000010 0.000010 0.281195
0.296829 0.406814 0.000010 0.242141 0.054206
0.256505 0.000010 0.000010 0.559170 0.184306
0.000010 0.395512 0.000010 0.604458 0.000010
0.000010 0.894326 0.000010 0.053911 0.051743
0.663753 0.180875 0.000010 0.000010 0.155352
0.519908 0.093477 0.000010 0.386595 0.000010
0.492590 0.000010 0.023665 0.200013 0.283723
0.000010 0.380896 0.176714 0.031383 0.410997
0.066992 0.769137 0.000010 0.000010 0.163850
0.000010 0.729140 0.000010 0.000010 0.270830
0.000010 0.733192 0.040226 0.226563 0.000010
0.000010 0.513543 0.000010 0.486427 0.000010
0.000010 0.799833 0.000010 0.131486 0.068661
0.000010 0.808839 0.000010 0.066323 0.124818
0.427880 0.572090 0.000010 0.000010 0.000010
0.000010 0.791225 0.035002 0.173753 0.000010
0.441334 0.558636 0.000010 0.000010 0.000010
0.000010 0.736181 0.000010 0.000010 0.263789
0.643423 0.049928 0.042316 0.007678 0.256655
0.000010 0.417939 0.000010 0.000010 0.582031
0.490944 0.314002 0.000010 0.000010 0.195034
0.559533 0.000010 0.042608 0.000010 0.397838
0.000010 0.413534 0.000010 0.586436 0.000010
0.000010 0.219867 0.000010 0.780103 0.000010
0.999960 0.000010 0.000010 0.000010 0.000010
0.000010 0.043823 0.167045 0.789112 0.000010
0.282021 0.000010 0.087859 0.630099 0.000010
0.000010 0.307850 0.000010 0.000010 0.692120
0.268056 0.731914 0.000010 0.000010 0.000010
0.000010 0.930167 0.000010 0.069803 0.000010
0.455263 0.000010 0.000010 0.000010 0.544707
0.224772 0.650147 0.000010 0.041102 0.083969
0.527536 0.255848 0.000010 0.000010 0.216596
0.305676 0.443268 0.000010 0.108968 0.142078
0.000010 0.472668 0.086020 0.000010 0.441292
0.000010 0.999960 0.000010 0.000010 0.000010
0.228342 0.642651 0.000010 0.000010 0.128987
0.416271 0.535265 0.000010 0.000010 0.048444
0.000010 0.747417 0.028577 0.027494 0.196502
0.328019 0.671951 0.000010 0.000010 0.000010
0.216359 0.399327 0.000010 0.384294 0.000010
0.431497 0.534838 0.033645 0.000010 0.000010
0.000010 0.853297 0.000010 0.074877 0.071806
0.000010 0.252547 0.000010 0.747423 0.000010
0.373992 0.189916 0.045621 0.390462 0.000010
0.000010 0.601461 0.000010 0.398509 0.000010
0.000010 0.682202 0.000010 0.317768 0.000010
0.000010 0.639510 0.000010 0.101961 0.258509
0.137299 0.625212 0.027462 0.071267 0.138761
0.000010 0.000010 0.076418 0.000010 0.923552
0.416279 0.413248 0.000010 0.000010 0.170453
0.128834 0.733545 0.058565 0.000010 0.079045
0.000010 0.706774 0.000010 0.000010 0.293196
0.000010 0.770964 0.041480 0.000010 0.187536
0.000010 0.965412 0.034558 0.000010 0.000010
0.000010 0.999960 0.000010 0.000010 0.000010
0.222985 0.729933 0.000010 0.047062 0.000010
0.000010 0.970828 0.029142 0.000010 0.000010
0.000010 0.968488 0.000010 0.000010 0.031482
0.000010 0.709271 0.000010 0.000010 0.290699
0.000010 0.999960 0.000010 0.000010 0.000010
0.000010 0.999960 0.000010 0.000010 0.000010
0.000010 0.800342 0.018030 0.000010 0.181607
0.183588 0.652045 0.000010 0.063933 0.100423
0.000010 0.820669 0.000010 0.000010 0.179301
0.000010 0.999960 0.000010 0.000010 0.000010
0.000010 0.960332 0.039638 0.000010 0.000010
0.000010 0.999960 0.000010 0.000010 0.000010
0.000010 0.999960 0.000010 0.000010 0.000010
0.000010 0.999960 0.000010 0.000010 0.000010
0.000010 0.999960 0.000010 0.000010 0.000010
0.000010 0.999960 0.000010 0.000010 0.000010
0.800600 0.000010 0.000010 0.000010 0.199370
0.145233 0.854737 0.000010 0.000010 0.000010
0.070659 0.849552 0.000010 0.000010 0.079769
0.000010 0.999960 0.000010 0.000010 0.000010
0.000010 0.728555 0.000010 0.000010 0.271415
0.609367 0.390603 0.000010 0.000010 0.000010
0.000010 0.971506 0.028464 0.000010 0.000010
0.000010 0.999960 0.000010 0.000010 0.000010
0.290215 0.586649 0.000010 0.056698 0.066428
0.000010 0.964372 0.035598 0.000010 0.000010
0.294731 0.605605 0.099644 0.000010 0.000010
0.999960 0.000010 0.000010 0.000010 0.000010
0.187098 0.749641 0.000010 0.000010 0.063240
0.000010 0.999960 0.000010 0.000010 0.000010
0.000010 0.680403 0.069575 0.000010 0.250001
0.427242 0.092725 0.000010 0.000010 0.480013
0.999960 0.000010 0.000010 0.000010 0.000010
0.000010 0.999960 0.000010 0.000010 0.000010
0.999960 0.000010 0.000010 0.000010 0.000010
0.000010 0.999960 0.000010 0.000010 0.000010
0.000010 0.739576 0.000010 0.000010 0.260394
0.000010 0.999960 0.000010 0.000010 0.000010
0.524178 0.475792 0.000010 0.000010 0.000010
0.000010 0.999960 0.000010 0.000010 0.000010
0.000010 0.684865 0.046612 0.000010 0.268503
0.000010 0.999960 0.000010 0.000010 0.000010
0.000010 0.999960 0.000010 0.000010 0.000010
0.000010 0.910335 0.000010 0.000010 0.089635
0.835193 0.164777 0.000010 0.000010 0.000010
0.000010 0.645786 0.043587 0.000010 0.310607
0.653200 0.346770 0.000010 0.000010 0.000010
0.000010 0.911048 0.088922 0.000010 0.000010
0.443412 0.556558 0.000010 0.000010 0.000010
0.000010 0.384443 0.000010 0.000010 0.615527
0.000010 0.999960 0.000010 0.000010 0.000010
0.000010 0.385242 0.000010 0.000010 0.614728
0.000010 0.789702 0.038801 0.000010 0.171477
