0.000010 0.000010 0.000010 0.032934 0.000010 0.000010 0.967016
0.000010 0.000010 0.001771 0.756601 0.000010 0.000010 0.241587
0.000010 0.000010 0.000010 0.999940 0.000010 0.000010 0.000010
0.000010 0.000010 0.000010 0.578797 0.000010 0.000010 0.421153
0.000010 0.000010 0.055873 0.290348 0.000010 0.000010 0.653738
0.000010 0.000010 0.036341 0.087746 0.000010 0.000010 0.875873
0.000010 0.000010 0.000010 0.646837 0.000010 0.000010 0.353113
0.000010 0.000010 0.000010 0.778605 0.000010 0.000010 0.221345
0.000010 0.000010 0.000010 0.976242 0.000010 0.000010 0.023708
0.000010 0.000010 0.000010 0.999940 0.000010 0.000010 0.000010
0.000010 0.000010 0.017678 0.772213 0.000010 0.000010 0.210069
0.000010 0.000010 0.000010 0.665603 0.000010 0.000010 0.334347
0.000010 0.000010 0.000010 0.999940 0.000010 0.000010 0.000010
0.000010 0.000010 0.000010 0.264233 0.000010 0.000010 0.735717
0.000010 0.000010 0.000010 0.999940 0.000010 0.000010 0.000010
0.000010 0.000010 0.000010 0.383172 0.000010 0.000010 0.616778
0.000010 0.000010 0.054113 0.350981 0.000010 0.000010 0.594866
0.000010 0.000010 0.000010 0.999940 0.000010 0.000010 0.000010
0.000010 0.000010 0.000010 0.972487 0.000010 0.000010 0.027463
0.000010 0.000010 0.000010 0.933816 0.000010 0.000010 0.066134
0.000010 0.000010 0.026282 0.436610 0.000010 0.000010 0.537067
0.000010 0.000010 0.000010 0.731815 0.000010 0.000010 0.268135
0.000010 0.000010 0.000010 0.309437 0.000010 0.000010 0.690513
0.000010 0.000010 0.000010 0.335951 0.000010 0.000010 0.663999
0.021994 0.000010 0.000010 0.487415 0.000010 0.000010 0.490551
0.000010 0.000010 0.000010 0.577074 0.000010 0.000010 0.422876
0.000010 0.000010 0.000010 0.548054 0.000010 0.000010 0.451896
0.000010 0.000010 0.000010 0.999940 0.000010 0.000010 0.000010
0.000010 0.000010 0.000010 0.463368 0.000010 0.000010 0.536582
0.000010 0.000010 0.000010 0.529919 0.000010 0.000010 0.470031
0.000010 0.000010 0.000010 0.999940 0.000010 0.000010 0.000010
0.000010 0.000010 0.000010 0.488158 0.000010 0.000010 0.511792
0.000010 0.000010 0.068633 0.561673 0.000010 0.000010 0.369654
0.000010 0.000010 0.000010 0.554228 0.000010 0.000010 0.445722
0.000010 0.000010 0.000010 0.999940 0.000010 0.000010 0.000010
0.000010 0.000010 0.000010 0.900382 0.000010 0.000010 0.099568
0.000010 0.000010 0.000010 0.999940 0.000010 0.000010 0.000010
0.000010 0.000010 0.000010 0.444679 0.000010 0.000010 0.555271
0.000010 0.000010 0.000010 0.397529 0.000010 0.000010 0.602421
0.000010 0.000010 0.000010 0.799729 0.000010 0.000010 0.200221
0.000010 0.000010 0.000010 0.241766 0.000010 0.000010 0.758184
0.000010 0.000010 0.000010 0.999940 0.000010 0.000010 0.000010
0.000010 0.000010 0.000010 0.634864 0.000010 0.000010 0.365086
0.000010 0.000010 0.074839 0.741834 0.000010 0.000010 0.183287
0.000010 0.000010 0.000010 0.999940 0.000010 0.000010 0.000010
0.003844 0.000010 0.035791 0.521761 0.000010 0.000010 0.438574
0.000010 0.000010 0.000010 0.733005 0.000010 0.000010 0.266945
0.000010 0.000010 0.000010 0.322952 0.000010 0.000010 0.676998
0.000010 0.000010 0.062670 0.692045 0.000010 0.000010 0.245245
0.000010 0.000010 0.000010 0.762810 0.000010 0.000010 0.237140
0.000010 0.000010 0.000010 0.487603 0.000010 0.000010 0.512347
0.000010 0.000010 0.000010 0.267373 0.000010 0.000010 0.732577
0.000010 0.000010 0.000010 0.906824 0.000010 0.000010 0.093126
0.000010 0.000010 0.000010 0.607017 0.000010 0.000010 0.392933
0.000010 0.000010 0.000010 0.999940 0.000010 0.000010 0.000010
0.000010 0.000010 0.000010 0.180901 0.000010 0.000010 0.819049
0.000010 0.000010 0.000010 0.999940 0.000010 0.000010 0.000010
0.000010 0.000010 0.000010 0.042951 0.000010 0.000010 0.956999
0.000010 0.000010 0.000010 0.598745 0.000010 0.000010 0.401205
0.000010 0.000010 0.000010 0.486117 0.000010 0.000010 0.513833
0.000010 0.000010 0.110946 0.455194 0.000010 0.000010 0.433820
0.000010 0.000010 0.000010 0.455440 0.000010 0.000010 0.544510
0.000010 0.000010 0.000010 0.999940 0.000010 0.000010 0.000010
0.000010 0.000010 0.000010 0.369866 0.000010 0.000010 0.630084
0.000010 0.000010 0.000010 0.296281 0.000010 0.000010 0.703668
0.000010 0.000010 0.000010 0.227662 0.000010 0.000010 0.772288
0.000010 0.000010 0.000010 0.648729 0.000010 0.000010 0.351221
0.165888 0.000010 0.008965 0.508299 0.000010 0.000010 0.316818
0.000010 0.000010 0.000010 0.999940 0.000010 0.000010 0.000010
0.000010 0.000010 0.000010 0.999940 0.000010 0.000010 0.000010
0.000010 0.000010 0.000010 0.462872 0.000010 0.000010 0.537078
0.000010 0.000010 0.000010 0.527766 0.000010 0.000010 0.472184
0.000010 0.000010 0.000010 0.999940 0.000010 0.000010 0.000010
0.000010 0.000010 0.000010 0.985814 0.000010 0.000010 0.014136
0.000010 0.000010 0.000010 0.664584 0.000010 0.000010 0.335366
0.000010 0.000010 0.000010 0.688853 0.000010 0.000010 0.311097
0.000010 0.000010 0.000010 0.999940 0.000010 0.000010 0.000010
0.000010 0.000010 0.000010 0.622498 0.000010 0.000010 0.377452
0.000010 0.000010 0.000010 0.658036 0.000010 0.000010 0.341914
0.000010 0.000010 0.016575 0.983375 0.000010 0.000010 0.000010
0.000010 0.000010 0.000010 0.999940 0.000010 0.000010 0.000010
0.000010 0.000010 0.000010 0.999940 0.000010 0.000010 0.000010
0.000010 0.000010 0.000010 0.999940 0.000010 0.000010 0.000010
0.000010 0.000010 0.000010 0.999940 0.000010 0.000010 0.000010
0.142437 0.000010 0.000010 0.103443 0.000010 0.000010 0.754081
0.000010 0.000010 0.000010 0.075494 0.000010 0.148354 0.776112
0.039167 0.000010 0.000010 0.195470 0.000010 0.000010 0.765323
0.000010 0.000010 0.030639 0.180824 0.000010 0.000010 0.788498
0.000010 0.000011 0.000010 0.910799 0.000010 0.000010 0.089150
0.000010 0.000010 0.000010 0.999940 0.000010 0.000010 0.000010
0.000010 0.000010 0.031255 0.831945 0.000010 0.000010 0.136760
0.000012 0.000010 0.000010 0.508546 0.000010 0.000010 0.491402
0.000010 0.000010 0.000010 0.339765 0.000010 0.000010 0.660185
0.000010 0.000010 0.000010 0.387458 0.000010 0.000010 0.612492
0.000010 0.000010 0.000010 0.999940 0.000010 0.000010 0.000010
0.000010 0.000010 0.000010 0.999940 0.000010 0.000010 0.000010
0.000010 0.000010 0.048489 0.613839 0.000010 0.000010 0.337632
0.000010 0.000010 0.000010 0.467080 0.000010 0.000010 0.532870
0.000010 0.000010 0.000010 0.999940 0.000010 0.000010 0.000010
0.000010 0.000010 0.000010 0.999940 0.000010 0.000010 0.000010
0.000010 0.000010 0.000010 0.999940 0.000010 0.000010 0.000010
0.000010 0.000010 0.041538 0.774539 0.000010 0.000010 0.183882
0.000010 0.000010 0.000010 0.515341 0.000010 0.000010 0.484609
0.000010 0.000010 0.000010 0.627147 0.000010 0.000010 0.372803
0.000010 0.000010 0.000010 0.899694 0.000010 0.000010 0.100256
0.000010 0.000010 0.000010 0.965564 0.000010 0.000010 0.034386
0.000010 0.000010 0.000010 0.612960 0.000010 0.000010 0.386990
0.000010 0.000010 0.000010 0.999940 0.000010 0.000010 0.000010
0.000010 0.000010 0.000010 0.391711 0.000010 0.000010 0.608239
0.000010 0.000010 0.000010 0.767483 0.000010 0.000010 0.232467
0.000010 0.000010 0.000010 0.777578 0.000010 0.000010 0.222372
0.000010 0.000010 0.000010 0.692363 0.000010 0.000010 0.307587
0.000010 0.000010 0.000010 0.686530 0.000010 0.000010 0.313420
0.000010 0.000010 0.000010 0.190896 0.000010 0.000010 0.809054
0.000010 0.000010 0.000010 0.999940 0.000010 0.000010 0.000010
0.000010 0.000010 0.029649 0.740721 0.000010 0.000010 0.229590
0.000010 0.000010 0.000010 0.216151 0.000010 0.000010 0.783799
0.000010 0.000010 0.000010 0.999940 0.000010 0.000010 0.000010
0.000010 0.000010 0.000010 0.501676 0.000010 0.000010 0.498274
0.000010 0.000010 0.192928 0.735650 0.000010 0.000010 0.071382
0.000010 0.000010 0.000010 0.429095 0.000010 0.000010 0.570855
0.000010 0.000010 0.000010 0.319351 0.000010 0.000010 0.680599
0.000010 0.000010 0.000010 0.670636 0.000010 0.000010 0.329314
0.000010 0.000010 0.000010 0.999940 0.000010 0.000010 0.000010
0.000010 0.000010 0.000010 0.999940 0.000010 0.000010 0.000010
0.000010 0.000010 0.000010 0.735689 0.000010 0.000010 0.264261
0.000010 0.000010 0.000010 0.268885 0.000010 0.000010 0.731065
0.000010 0.000010 0.000010 0.659353 0.000010 0.000010 0.340597
0.000010 0.000010 0.000010 0.748169 0.000010 0.000010 0.251781
0.000010 0.000010 0.000010 0.999940 0.000010 0.000010 0.000010
0.000010 0.000010 0.000010 0.421264 0.000010 0.000010 0.578686
0.000010 0.000010 0.000010 0.658703 0.000010 0.000010 0.341247
0.000010 0.000010 0.000010 0.166940 0.000010 0.000010 0.833010
0.000010 0.000010 0.000010 0.972172 0.000010 0.000010 0.027778
0.000010 0.000010 0.000010 0.916259 0.000010 0.000010 0.083691
0.000010 0.000010 0.000010 0.995145 0.000010 0.000010 0.004805
0.000010 0.000010 0.062689 0.912190 0.000010 0.000010 0.025081
0.000010 0.000010 0.080052 0.905468 0.000010 0.000010 0.014440
0.000010 0.000010 0.021749 0.444463 0.000010 0.533748 0.000010
0.000010 0.000010 0.000010 0.624336 0.000010 0.000010 0.375614
0.000010 0.000010 0.000010 0.999940 0.000010 0.000010 0.000010
0.000010 0.000010 0.000010 0.457646 0.000010 0.000010 0.542304
0.000010 0.000010 0.000010 0.205461 0.000010 0.000010 0.794489
0.000010 0.000010 0.000010 0.077601 0.000010 0.000010 0.922349
0.000010 0.000010 0.000010 0.999940 0.000010 0.000010 0.000010
0.000010 0.000010 0.000010 0.000010 0.000010 0.141201 0.858749
0.000010 0.000010 0.000010 0.382851 0.000010 0.000010 0.617099
0.000010 0.000010 0.000010 0.589306 0.000010 0.000010 0.410644
0.000010 0.000010 0.000010 0.860772 0.000010 0.000010 0.139178
0.000010 0.000010 0.000010 0.129850 0.000010 0.000010 0.870100
0.000010 0.000010 0.000010 0.637211 0.000010 0.000010 0.362739
0.000010 0.000010 0.000010 0.792171 0.000010 0.000010 0.207779
0.000010 0.000010 0.000010 0.487916 0.000010 0.000010 0.512034
0.000010 0.000010 0.026448 0.187963 0.000010 0.000010 0.785550
0.000010 0.000010 0.000010 0.733434 0.000010 0.000010 0.266516
0.000010 0.000010 0.000010 0.550194 0.000010 0.000010 0.449756
0.000010 0.000010 0.000010 0.894644 0.000010 0.000010 0.105306
0.000010 0.000010 0.020494 0.979456 0.000010 0.000010 0.000010
0.000010 0.000010 0.000010 0.976289 0.000010 0.000010 0.023661
0.000010 0.224956 0.000010 0.437733 0.000010 0.000010 0.337271
0.000010 0.000010 0.000010 0.114547 0.000010 0.000010 0.885403
0.000010 0.000010 0.000010 0.156359 0.000010 0.000010 0.843591
0.000010 0.000010 0.000010 0.567860 0.000010 0.000010 0.432090
0.000010 0.000010 0.000010 0.467713 0.000010 0.000010 0.532237
0.000010 0.000010 0.000010 0.469213 0.000010 0.291264 0.239483
0.000010 0.000010 0.000010 0.667341 0.000010 0.000010 0.332609
0.000010 0.000010 0.057099 0.569060 0.000010 0.000010 0.373801
0.000010 0.000010 0.000010 0.278795 0.000010 0.000010 0.721155
0.000010 0.000010 0.000010 0.463730 0.536220 0.000010 0.000010
0.000010 0.000010 0.000010 0.999940 0.000010 0.000010 0.000010
0.000010 0.000010 0.000010 0.960384 0.000010 0.000010 0.039566
0.000010 0.000010 0.000010 0.120625 0.000010 0.000010 0.879325
0.000010 0.000010 0.000010 0.324445 0.000010 0.000010 0.675505
0.000010 0.000010 0.000010 0.999940 0.000010 0.000010 0.000010
0.000010 0.000010 0.000010 0.788845 0.000010 0.000010 0.211105
0.000010 0.000010 0.000010 0.377828 0.000010 0.000010 0.622122
0.000010 0.000010 0.054717 0.365750 0.000010 0.000010 0.579494
0.000010 0.000010 0.000010 0.378259 0.000010 0.000010 0.621691
0.000010 0.000010 0.000010 0.906014 0.000010 0.000010 0.093936
0.000010 0.000010 0.000010 0.000010 0.000010 0.599776 0.400174
0.000010 0.000010 0.000010 0.000010 0.000010 0.999940 0.000010
0.000010 0.000010 0.000010 0.057891 0.000010 0.000010 0.942059
0.768016 0.000010 0.048806 0.000010 0.000010 0.000010 0.183139
0.000010 0.000010 0.000010 0.000010 0.000010 0.263853 0.736097
0.000010 0.000010 0.000010 0.000010 0.000010 0.205764 0.794186
0.000010 0.000010 0.000010 0.000010 0.000010 0.544168 0.455782
0.000010 0.000010 0.059293 0.000010 0.000010 0.940657 0.000010
0.000010 0.000010 0.000010 0.000010 0.000010 0.988927 0.011023
0.000010 0.000010 0.000010 0.096680 0.000010 0.903270 0.000010
0.000010 0.000010 0.000010 0.000010 0.000010 0.730625 0.269325
0.642903 0.000010 0.000010 0.000010 0.000010 0.000010 0.357047
0.964176 0.000010 0.000010 0.000010 0.000010 0.000010 0.035774
0.995062 0.000010 0.004888 0.000010 0.000010 0.000010 0.000010
0.000010 0.000015 0.052985 0.000010 0.000010 0.834563 0.112407
0.000010 0.000010 0.000010 0.020516 0.000010 0.313657 0.665787
0.000010 0.000010 0.000010 0.000010 0.000010 0.215920 0.784030
0.000010 0.000010 0.000010 0.000010 0.000010 0.999940 0.000010
0.000010 0.000010 0.000010 0.030185 0.000010 0.269304 0.700471
0.000010 0.000010 0.000010 0.132327 0.000010 0.656810 0.210823
0.344777 0.000010 0.000010 0.000010 0.000010 0.074508 0.580674
0.546889 0.000010 0.000010 0.000010 0.000010 0.000010 0.453061
0.000010 0.000010 0.000010 0.000010 0.000010 0.999940 0.000010
0.000010 0.000010 0.000010 0.112423 0.000010 0.666515 0.221022
0.000010 0.000010 0.002149 0.064486 0.000010 0.222427 0.710908
0.000010 0.000010 0.000010 0.000010 0.000010 0.877188 0.122762
0.000010 0.000010 0.000010 0.000010 0.000010 0.320292 0.679658
0.000010 0.000010 0.000010 0.000010 0.000010 0.171307 0.828643
0.000010 0.000010 0.037942 0.000010 0.000010 0.408749 0.553269
0.000010 0.000010 0.000010 0.091189 0.000010 0.462407 0.446363
0.000010 0.000010 0.000010 0.000010 0.000010 0.999940 0.000010
0.000010 0.000010 0.000010 0.000010 0.183783 0.009419 0.806757
0.000010 0.000010 0.000010 0.000010 0.000010 0.458145 0.541805
0.000010 0.000010 0.000010 0.000010 0.000010 0.689379 0.310571
0.000010 0.000010 0.000010 0.000010 0.000010 0.645824 0.354126
0.032674 0.000010 0.000010 0.000010 0.000010 0.300455 0.666832
0.000010 0.000010 0.000010 0.000010 0.000010 0.935089 0.064861
0.000010 0.000010 0.000010 0.000010 0.000010 0.196976 0.802974
0.000010 0.000010 0.000010 0.000010 0.000010 0.194021 0.805929
0.000010 0.000010 0.000010 0.000010 0.000010 0.328474 0.671476
0.000010 0.000010 0.000010 0.000010 0.000010 0.000010 0.999940
0.000010 0.000010 0.000010 0.071253 0.000010 0.433380 0.495326
0.000010 0.000010 0.000010 0.039085 0.000010 0.000010 0.960865
0.000010 0.000010 0.000010 0.000010 0.000010 0.680817 0.319133
0.000010 0.000010 0.000010 0.000010 0.000010 0.462280 0.537670
0.000010 0.000010 0.000010 0.000010 0.000010 0.187307 0.812643
0.000010 0.000010 0.061532 0.000010 0.000010 0.736517 0.201911
0.000010 0.148750 0.000010 0.000010 0.000010 0.000010 0.851200
0.000010 0.000010 0.000010 0.000010 0.000010 0.999940 0.000010
0.000010 0.000010 0.000012 0.000010 0.000010 0.999938 0.000010
0.000010 0.000010 0.000010 0.000010 0.000010 0.805611 0.194339
0.000010 0.000010 0.000010 0.000010 0.000010 0.481474 0.518476
0.000010 0.000010 0.000010 0.000010 0.000010 0.000010 0.999940
0.000010 0.000010 0.000010 0.000010 0.000010 0.192600 0.807350
0.000010 0.254495 0.000010 0.000010 0.000010 0.418365 0.327100
0.000010 0.000010 0.000010 0.246589 0.000010 0.571339 0.182032
0.000010 0.000010 0.000010 0.000010 0.000010 0.887063 0.112887
0.000010 0.000010 0.000010 0.065418 0.000010 0.934532 0.000010
0.000010 0.000010 0.000010 0.000010 0.000010 0.114523 0.885427
0.000010 0.000010 0.000010 0.000010 0.000010 0.166103 0.833847
0.000010 0.000010 0.000010 0.000010 0.000010 0.204117 0.795833
0.000010 0.000010 0.000010 0.000010 0.000010 0.290377 0.709573
0.000010 0.000010 0.000010 0.000010 0.000010 0.999940 0.000010
0.000010 0.000010 0.000010 0.000010 0.000010 0.808379 0.191571
0.000010 0.000010 0.115571 0.138592 0.000010 0.480413 0.265394
0.000010 0.000010 0.000010 0.000010 0.000010 0.284342 0.715608
0.062102 0.000010 0.000010 0.109263 0.000010 0.263156 0.565449
0.763998 0.000010 0.053386 0.000010 0.000010 0.182576 0.000010
0.000010 0.000010 0.059927 0.000010 0.000010 0.868538 0.071495
0.755248 0.000010 0.000010 0.000010 0.000010 0.203891 0.040821
0.000010 0.000010 0.000010 0.000010 0.000010 0.530456 0.469494
0.000010 0.000010 0.000010 0.000010 0.000010 0.281427 0.718523
0.000010 0.000010 0.000010 0.000010 0.000010 0.000010 0.999940
0.999940 0.000010 0.000010 0.000010 0.000010 0.000010 0.000010
0.000010 0.000010 0.000010 0.000010 0.000010 0.981617 0.018333
0.000010 0.000010 0.000010 0.000010 0.000010 0.502207 0.497743
0.000010 0.000010 0.000010 0.000010 0.000010 0.999940 0.000010
0.000010 0.000010 0.016738 0.000010 0.000010 0.275975 0.707247
0.000010 0.000010 0.032453 0.000010 0.000010 0.838956 0.128552
0.000010 0.000010 0.000010 0.000010 0.000010 0.999940 0.000010
0.000010 0.000010 0.002308 0.000010 0.000010 0.079540 0.918112
0.000010 0.000010 0.000010 0.000010 0.000010 0.179079 0.820871
0.000010 0.000010 0.000010 0.000010 0.000010 0.764872 0.235078
0.000010 0.000010 0.000010 0.000010 0.000010 0.320213 0.679737
0.000010 0.000010 0.018528 0.181547 0.000010 0.514759 0.285136
0.000010 0.000010 0.000010 0.073532 0.000010 0.844116 0.082312
0.000010 0.000010 0.000010 0.000010 0.000010 0.478727 0.521223
0.000010 0.000010 0.000010 0.000010 0.420964 0.000010 0.578986
0.000010 0.000010 0.000010 0.000010 0.000010 0.130563 0.869387
0.000010 0.000010 0.000010 0.091509 0.000010 0.806412 0.102039
0.000010 0.000010 0.000010 0.000010 0.000010 0.999940 0.000010
0.000010 0.000010 0.000010 0.000010 0.650186 0.349764 0.000010
0.977812 0.000010 0.022138 0.000010 0.000010 0.000010 0.000010
0.000010 0.000010 0.000010 0.000010 0.000010 0.262231 0.737719
0.000010 0.000010 0.000010 0.000010 0.000010 0.228927 0.771023
0.000010 0.000010 0.000010 0.000010 0.000010 0.999940 0.000010
0.000010 0.000010 0.000010 0.000010 0.000010 0.122322 0.877628
0.000010 0.000010 0.000010 0.000010 0.000010 0.999940 0.000010
0.000010 0.000010 0.000016 0.000010 0.000010 0.334316 0.665628
0.000010 0.098786 0.000010 0.093837 0.000010 0.153777 0.653571
0.000010 0.000010 0.000010 0.000010 0.000010 0.000010 0.999940
0.000010 0.000010 0.000010 0.000010 0.000010 0.465413 0.534537
0.000010 0.000010 0.000010 0.000010 0.000010 0.793889 0.206061
0.647968 0.000010 0.000010 0.000010 0.000010 0.000010 0.351982
0.173111 0.000010 0.000010 0.000010 0.000010 0.000010 0.826839
0.000010 0.000010 0.000010 0.000010 0.000010 0.177978 0.821972
0.000010 0.000010 0.000010 0.000010 0.000010 0.822929 0.177021
0.000010 0.000010 0.000010 0.000010 0.000010 0.537436 0.462514
0.000010 0.000010 0.000010 0.000010 0.000010 0.893641 0.106309
0.000010 0.106263 0.000010 0.000010 0.000010 0.019919 0.873778
0.000010 0.000010 0.000010 0.048234 0.000010 0.104278 0.847447
0.000010 0.000010 0.007651 0.000010 0.000010 0.499302 0.493007
0.000010 0.000010 0.000010 0.000010 0.000010 0.816504 0.183446
0.000010 0.000010 0.000010 0.015867 0.000010 0.592625 0.391468
0.000010 0.000010 0.000010 0.000010 0.000010 0.999940 0.000010
0.000010 0.098814 0.016054 0.000010 0.000010 0.094488 0.790614
0.000010 0.000010 0.012875 0.024436 0.393637 0.000010 0.569022
0.000010 0.000010 0.000010 0.000010 0.000010 0.136167 0.863783
0.000010 0.000010 0.000010 0.000010 0.000010 0.682213 0.317737
0.000010 0.000010 0.000010 0.168054 0.000010 0.699331 0.132576
0.114579 0.000010 0.000010 0.000010 0.000010 0.369331 0.516050
0.000010 0.000010 0.000010 0.069403 0.000010 0.267960 0.662597
0.515017 0.000010 0.000010 0.000010 0.000010 0.131244 0.353699
0.000010 0.000010 0.000010 0.000010 0.000010 0.999940 0.000010
0.318114 0.000010 0.000010 0.000010 0.000010 0.136279 0.545567
0.000010 0.000010 0.000010 0.000010 0.000010 0.298422 0.701528
0.384443 0.000010 0.000010 0.000010 0.000010 0.041900 0.573617
0.000010 0.000010 0.000010 0.000010 0.000010 0.727641 0.272309
0.000010 0.000010 0.000010 0.000010 0.000010 0.625085 0.374865
0.000010 0.000010 0.045414 0.000010 0.000010 0.267460 0.687086
0.000010 0.000010 0.000010 0.000010 0.000010 0.999940 0.000010
0.000010 0.000010 0.000010 0.000010 0.000010 0.999940 0.000010
0.000010 0.000010 0.000010 0.000010 0.000010 0.614705 0.385245
0.177756 0.000010 0.000010 0.000010 0.000010 0.210362 0.611842
0.000010 0.000010 0.000010 0.000010 0.000010 0.096267 0.903683
0.000010 0.000010 0.023919 0.109969 0.000010 0.193585 0.672496
0.000010 0.000010 0.000010 0.000010 0.000010 0.260548 0.739402
0.000010 0.000010 0.000010 0.000010 0.000010 0.572654 0.427296
0.000010 0.000010 0.028821 0.070323 0.000010 0.193292 0.707534
0.000010 0.000010 0.000010 0.000010 0.000010 0.999940 0.000010
0.000010 0.000010 0.000010 0.000010 0.000010 0.999940 0.000010
0.000010 0.000010 0.000010 0.000010 0.000010 0.135574 0.864376
0.000010 0.000010 0.000010 0.000010 0.000010 0.217200 0.782750
0.000010 0.000010 0.000010 0.022347 0.623243 0.000010 0.354370
0.000010 0.779969 0.000010 0.000010 0.000010 0.000010 0.219981
0.000010 0.000010 0.000010 0.000010 0.295128 0.000010 0.704822
0.000010 0.774315 0.000010 0.000010 0.000010 0.000010 0.225635
0.863032 0.000010 0.000010 0.000010 0.000010 0.000010 0.136918
0.000010 0.999940 0.000010 0.000010 0.000010 0.000010 0.000010
0.999940 0.000010 0.000010 0.000010 0.000010 0.000010 0.000010
0.999940 0.000010 0.000010 0.000010 0.000010 0.000010 0.000010
0.000010 0.000010 0.000010 0.154606 0.470213 0.000010 0.375141
0.000010 0.234445 0.000010 0.000010 0.000010 0.000010 0.765505
0.000010 0.664107 0.000010 0.000010 0.000010 0.000010 0.335843
0.000010 0.000010 0.000010 0.084322 0.000010 0.306347 0.609291
0.000010 0.000010 0.000010 0.047586 0.515859 0.000010 0.436515
0.000010 0.000010 0.000010 0.000010 0.000010 0.491973 0.507977
0.000010 0.722828 0.041539 0.000010 0.000010 0.000010 0.235593
0.000010 0.498220 0.016637 0.000010 0.000010 0.455520 0.029593
0.236090 0.000010 0.000010 0.000010 0.000010 0.577784 0.186086
0.999940 0.000010 0.000010 0.000010 0.000010 0.000010 0.000010
0.000010 0.574925 0.000010 0.000010 0.000010 0.000010 0.425025
0.999940 0.000010 0.000010 0.000010 0.000010 0.000010 0.000010
0.000010 0.985006 0.014944 0.000010 0.000010 0.000010 0.000010
0.000010 0.465786 0.000010 0.000010 0.000010 0.000010 0.534164
0.999940 0.000010 0.000010 0.000010 0.000010 0.000010 0.000010
0.912125 0.000010 0.000010 0.000010 0.000010 0.000010 0.087825
0.000010 0.000010 0.000010 0.000010 0.440281 0.000010 0.559669
0.000010 0.000010 0.000010 0.000010 0.999940 0.000010 0.000010
0.999940 0.000010 0.000010 0.000010 0.000010 0.000010 0.000010
0.999940 0.000010 0.000010 0.000010 0.000010 0.000010 0.000010
0.999940 0.000010 0.000010 0.000010 0.000010 0.000010 0.000010
0.999940 0.000010 0.000010 0.000010 0.000010 0.000010 0.000010
0.000010 0.000010 0.000010 0.000010 0.549792 0.000010 0.450158
0.803528 0.000010 0.042525 0.019460 0.000010 0.000010 0.134456
0.999940 0.000010 0.000010 0.000010 0.000010 0.000010 0.000010
0.000010 0.000010 0.000010 0.000010 0.593110 0.000010 0.406840
0.999940 0.000010 0.000010 0.000010 0.000010 0.000010 0.000010
0.688243 0.000010 0.000010 0.000010 0.000010 0.159111 0.152606
0.000010 0.000010 0.024498 0.000010 0.975452 0.000010 0.000010
0.000010 0.000010 0.000010 0.000010 0.999940 0.000010 0.000010
0.000010 0.000010 0.000010 0.000010 0.999940 0.000010 0.000010
0.000010 0.300909 0.000010 0.000010 0.000010 0.000010 0.699041
0.553888 0.000010 0.000010 0.000010 0.000010 0.446062 0.000010
0.000010 0.999940 0.000010 0.000010 0.000010 0.000010 0.000010
0.000010 0.000010 0.000010 0.000010 0.399974 0.000010 0.599976
0.999940 0.000010 0.000010 0.000010 0.000010 0.000010 0.000010
0.472282 0.154729 0.000010 0.000010 0.000010 0.002715 0.370244
0.309054 0.073582 0.000010 0.000010 0.000010 0.251097 0.366236
0.999940 0.000010 0.000010 0.000010 0.000010 0.000010 0.000010
0.000010 0.494248 0.000010 0.000010 0.000010 0.000010 0.505702
0.000010 0.910394 0.000010 0.000010 0.000010 0.000010 0.089556
0.744080 0.173319 0.021191 0.061380 0.000010 0.000010 0.000010
0.000010 0.999940 0.000010 0.000010 0.000010 0.000010 0.000010
0.993471 0.000010 0.006479 0.000010 0.000010 0.000010 0.000010
0.000010 0.180998 0.000010 0.000010 0.000010 0.000010 0.818952
0.837892 0.000010 0.000010 0.000010 0.000010 0.000010 0.162058
0.955865 0.000010 0.000010 0.000010 0.000010 0.000010 0.044085
0.819695 0.000010 0.000010 0.000010 0.000010 0.000010 0.180255
0.000010 0.749216 0.060787 0.000010 0.000010 0.000010 0.189956
0.982779 0.000010 0.017171 0.000010 0.000010 0.000010 0.000010
0.000010 0.601966 0.000010 0.000010 0.000010 0.000010 0.397984
0.000010 0.000010 0.000010 0.000010 0.000010 0.355703 0.644247
0.000010 0.310261 0.000010 0.000010 0.000010 0.000010 0.689689
0.329578 0.000010 0.000010 0.152946 0.208795 0.089990 0.218671
0.000010 0.974048 0.025902 0.000010 0.000010 0.000010 0.000010
0.999940 0.000010 0.000010 0.000010 0.000010 0.000010 0.000010
0.600131 0.000010 0.000010 0.044990 0.354839 0.000010 0.000010
0.000010 0.999940 0.000010 0.000010 0.000010 0.000010 0.000010
0.000010 0.529398 0.000010 0.000010 0.000010 0.000010 0.470552
0.972052 0.000010 0.027898 0.000010 0.000010 0.000010 0.000010
0.999940 0.000010 0.000010 0.000010 0.000010 0.000010 0.000010
0.999940 0.000010 0.000010 0.000010 0.000010 0.000010 0.000010
0.000010 0.000010 0.000010 0.118175 0.197648 0.000010 0.684137
0.000010 0.260428 0.000010 0.000010 0.000010 0.000010 0.739522
0.997272 0.000010 0.000010 0.002678 0.000010 0.000010 0.000010
0.718195 0.000010 0.054404 0.000010 0.000010 0.024057 0.203314
0.972530 0.000010 0.027420 0.000010 0.000010 0.000010 0.000010
0.000010 0.000010 0.000010 0.000010 0.304887 0.072432 0.622642
0.000010 0.708430 0.000010 0.228427 0.000010 0.000010 0.063102
0.142119 0.000010 0.000010 0.000010 0.000010 0.593004 0.264836
0.000010 0.000010 0.000010 0.000010 0.880220 0.000010 0.119730
0.999940 0.000010 0.000010 0.000010 0.000010 0.000010 0.000010
0.000010 0.999940 0.000010 0.000010 0.000010 0.000010 0.000010
0.000010 0.999939 0.000011 0.000010 0.000010 0.000010 0.000010
0.999940 0.000010 0.000010 0.000010 0.000010 0.000010 0.000010
0.000010 0.000010 0.000010 0.000010 0.687709 0.000010 0.312241
0.494194 0.412857 0.061876 0.031043 0.000010 0.000010 0.000010
0.000010 0.000010 0.000010 0.000010 0.605279 0.000010 0.394671
0.999940 0.000010 0.000010 0.000010 0.000010 0.000010 0.000010
0.345938 0.250773 0.000010 0.000010 0.000010 0.000010 0.403249
0.344648 0.400723 0.000010 0.000010 0.000010 0.000010 0.254588
0.523855 0.476095 0.000010 0.000010 0.000010 0.000010 0.000010
0.000010 0.000010 0.000010 0.000010 0.860706 0.000010 0.139244
0.789615 0.000010 0.000010 0.000010 0.000010 0.000010 0.210335
0.999940 0.000010 0.000010 0.000010 0.000010 0.000010 0.000010
0.898029 0.000010 0.037173 0.000010 0.000010 0.000010 0.064758
0.000010 0.000010 0.000010 0.000010 0.598373 0.000010 0.401577
0.000010 0.000010 0.002365 0.000010 0.690847 0.306748 0.000010
0.000010 0.799028 0.000010 0.000010 0.000010 0.000010 0.200922
0.999937 0.000013 0.000010 0.000010 0.000010 0.000010 0.000010
0.000010 0.000010 0.000010 0.000010 0.999940 0.000010 0.000010
0.000010 0.000010 0.000010 0.000010 0.244681 0.094783 0.660496
0.000010 0.348844 0.000010 0.000010 0.000010 0.180117 0.470999
0.999940 0.000010 0.000010 0.000010 0.000010 0.000010 0.000010
0.000010 0.947250 0.000010 0.000010 0.000010 0.000010 0.052700
0.000010 0.000010 0.007964 0.000010 0.665426 0.326570 0.000010
0.000010 0.241203 0.000010 0.000010 0.000010 0.000010 0.758747
0.000010 0.272167 0.000010 0.000010 0.000010 0.000010 0.727783
0.287176 0.262741 0.000010 0.000010 0.000010 0.000010 0.450043
0.000013 0.482220 0.000010 0.000010 0.000010 0.000010 0.517728
0.000010 0.000010 0.000010 0.000010 0.456275 0.000010 0.543675
0.868030 0.000010 0.049546 0.082384 0.000010 0.000010 0.000010
0.000010 0.000010 0.000010 0.035775 0.000010 0.152946 0.811239
0.000010 0.999940 0.000010 0.000010 0.000010 0.000010 0.000010
0.000010 0.000010 0.000011 0.000010 0.441497 0.000010 0.558452
0.414112 0.000010 0.000010 0.019970 0.000010 0.565878 0.000010
0.000010 0.682164 0.000010 0.000010 0.000010 0.000010 0.317786
0.000010 0.999940 0.000010 0.000010 0.000010 0.000010 0.000010
0.290507 0.000010 0.000010 0.000010 0.109079 0.060843 0.539541
0.000010 0.000010 0.030953 0.000010 0.406728 0.000010 0.562279
0.000010 0.565651 0.000010 0.000010 0.000010 0.000010 0.434299
0.000010 0.454284 0.033316 0.049559 0.000010 0.000010 0.462811
0.426384 0.000010 0.071207 0.000010 0.474426 0.000010 0.027952
0.000010 0.000010 0.020117 0.000010 0.412587 0.000010 0.567256
0.000010 0.880864 0.000010 0.000010 0.000010 0.000010 0.119086
0.428141 0.000010 0.000010 0.000010 0.537709 0.000010 0.034110
0.000010 0.000010 0.000010 0.000010 0.889832 0.000010 0.110118
0.452537 0.384047 0.000010 0.000010 0.000010 0.163376 0.000010
0.000010 0.952414 0.000010 0.000010 0.000010 0.000010 0.047536
0.510019 0.489931 0.000010 0.000010 0.000010 0.000010 0.000010
0.999940 0.000010 0.000010 0.000010 0.000010 0.000010 0.000010
0.000010 0.000010 0.000010 0.066370 0.392675 0.000010 0.540915
0.000010 0.658288 0.035194 0.000010 0.000010 0.061134 0.245354
0.999940 0.000010 0.000010 0.000010 0.000010 0.000010 0.000010
0.726325 0.000010 0.000010 0.000010 0.000010 0.000010 0.273625
0.295632 0.051679 0.000010 0.000010 0.000010 0.046151 0.606508
0.000010 0.705053 0.000010 0.000010 0.000010 0.000010 0.294897
0.000010 0.714417 0.000010 0.000010 0.000010 0.000010 0.285533
0.000010 0.000010 0.068931 0.053542 0.000010 0.528743 0.348754
0.229656 0.209381 0.020670 0.000010 0.000010 0.000010 0.540263
0.000010 0.000010 0.000010 0.000010 0.791147 0.000010 0.208803
0.873674 0.000010 0.000010 0.000010 0.000010 0.126276 0.000010
0.999940 0.000010 0.000010 0.000010 0.000010 0.000010 0.000010
0.000010 0.000010 0.039376 0.000010 0.876218 0.000010 0.084366
0.000010 0.999940 0.000010 0.000010 0.000010 0.000010 0.000010
0.493239 0.506711 0.000010 0.000010 0.000010 0.000010 0.000010
0.947884 0.000010 0.000010 0.000010 0.000010 0.000010 0.052066
0.000010 0.274733 0.000010 0.000010 0.000010 0.123198 0.602029
0.999940 0.000010 0.000010 0.000010 0.000010 0.000010 0.000010
0.000010 0.000010 0.000010 0.275469 0.693080 0.000010 0.031411
0.999940 0.000010 0.000010 0.000010 0.000010 0.000010 0.000010
0.000010 0.999940 0.000010 0.000010 0.000010 0.000010 0.000010
0.000010 0.527493 0.000010 0.000010 0.000010 0.000010 0.472457
0.000010 0.357034 0.000010 0.000010 0.170320 0.153091 0.319525
0.000010 0.000010 0.000010 0.000010 0.533755 0.156831 0.309374
0.000010 0.241012 0.000010 0.000010 0.000010 0.000010 0.758938
0.000010 0.000010 0.000010 0.000010 0.729648 0.000010 0.270302
0.000010 0.999940 0.000010 0.000010 0.000010 0.000010 0.000010
0.000010 0.950264 0.049686 0.000010 0.000010 0.000010 0.000010
0.854574 0.000010 0.000010 0.000010 0.056399 0.000010 0.088987
0.895851 0.000010 0.000010 0.000010 0.000010 0.000010 0.104099
0.000010 0.000010 0.000010 0.027736 0.300396 0.000010 0.671828
0.000010 0.999940 0.000010 0.000010 0.000010 0.000010 0.000010
0.000010 0.782565 0.000010 0.000010 0.000010 0.000010 0.217385
0.000010 0.999940 0.000010 0.000010 0.000010 0.000010 0.000010
0.893089 0.000010 0.022789 0.000010 0.000010 0.000010 0.084082
0.995037 0.000010 0.000010 0.000010 0.000010 0.000010 0.004913
0.000010 0.000010 0.000010 0.000010 0.000010 0.230118 0.769832
0.000010 0.000010 0.127573 0.000010 0.000010 0.680188 0.192199
0.000010 0.000010 0.000010 0.000010 0.000010 0.633784 0.366166
0.000010 0.101672 0.065826 0.000010 0.000010 0.236536 0.595935
0.000010 0.000010 0.000010 0.000010 0.000010 0.317202 0.682747
0.000010 0.000010 0.000010 0.123095 0.000010 0.440247 0.436618
0.000010 0.000010 0.000010 0.039652 0.000010 0.706221 0.254087
0.000010 0.000010 0.000010 0.000010 0.000010 0.817648 0.182302
0.000010 0.000010 0.000010 0.000010 0.000010 0.598795 0.401155
0.000010 0.000010 0.000010 0.000010 0.000010 0.763852 0.236098
0.000010 0.000010 0.000010 0.000010 0.688781 0.000010 0.311169
0.867621 0.000010 0.000010 0.000010 0.000010 0.000010 0.132329
0.493499 0.000010 0.000010 0.000010 0.000010 0.000010 0.506451
0.000010 0.513718 0.000010 0.050545 0.000010 0.000010 0.435697
0.000010 0.000010 0.000010 0.000010 0.997788 0.000010 0.002162
0.000010 0.000010 0.000010 0.000010 0.844658 0.000010 0.155292
0.712033 0.269338 0.000010 0.000010 0.000010 0.018589 0.000010
0.000010 0.999940 0.000010 0.000010 0.000010 0.000010 0.000010
0.000010 0.000010 0.000010 0.000010 0.661157 0.000010 0.338793
0.432634 0.272438 0.000010 0.000010 0.238260 0.000010 0.056638
0.405621 0.000010 0.000010 0.032589 0.000010 0.152531 0.409230
0.000010 0.000010 0.000010 0.000010 0.999940 0.000010 0.000010
0.000010 0.000010 0.000010 0.000010 0.672777 0.000010 0.327173
0.707422 0.264357 0.028181 0.000010 0.000010 0.000010 0.000010
0.784635 0.000010 0.000010 0.006614 0.000010 0.208711 0.000010
0.999940 0.000010 0.000010 0.000010 0.000010 0.000010 0.000010
0.999940 0.000010 0.000010 0.000010 0.000010 0.000010 0.000010
0.000010 0.513725 0.000010 0.000010 0.000010 0.000010 0.486225
0.000010 0.735526 0.056028 0.000010 0.000010 0.000010 0.208405
0.000010 0.445956 0.000010 0.000010 0.000010 0.000010 0.553994
0.642129 0.147637 0.000010 0.000010 0.000010 0.210194 0.000010
0.968120 0.000010 0.000010 0.000010 0.000010 0.000010 0.031830
0.000010 0.821842 0.000010 0.000010 0.000011 0.000010 0.178106
0.000010 0.000010 0.000010 0.000010 0.802422 0.197528 0.000010
0.000010 0.000010 0.000010 0.000010 0.932093 0.000010 0.067857
0.029338 0.252086 0.000010 0.000010 0.718536 0.000010 0.000010
0.793411 0.000010 0.000010 0.000010 0.000010 0.000010 0.206539
0.000010 0.000010 0.029210 0.000010 0.970576 0.000010 0.000174
0.000010 0.000010 0.000010 0.000010 0.920836 0.000010 0.079114
0.000010 0.615756 0.000010 0.000010 0.000010 0.000010 0.384194
0.562407 0.338095 0.000010 0.000010 0.000010 0.000010 0.099458
0.000010 0.999940 0.000010 0.000010 0.000010 0.000010 0.000010
0.000010 0.987965 0.000010 0.000010 0.000010 0.000010 0.011985
0.000010 0.482704 0.000010 0.000010 0.000010 0.000010 0.517246
0.000010 0.721605 0.000010 0.000010 0.000010 0.000010 0.278345
0.991803 0.000010 0.008147 0.000010 0.000010 0.000010 0.000010
0.000010 0.000010 0.000010 0.000010 0.577005 0.000010 0.422945
0.000010 0.000010 0.000010 0.000010 0.999940 0.000010 0.000010
0.000010 0.999940 0.000010 0.000010 0.000010 0.000010 0.000010
0.489300 0.510650 0.000010 0.000010 0.000010 0.000010 0.000010
0.000010 0.392842 0.000010 0.000010 0.359887 0.247230 0.000010
0.000010 0.000010 0.000010 0.000010 0.999940 0.000010 0.000010
0.999940 0.000010 0.000010 0.000010 0.000010 0.000010 0.000010
0.532439 0.000010 0.066047 0.001654 0.399830 0.000010 0.000010
0.769494 0.000010 0.000010 0.000010 0.230456 0.000010 0.000010
0.000010 0.000010 0.027390 0.000010 0.964037 0.000010 0.008533
0.000010 0.642864 0.000010 0.000010 0.000010 0.000010 0.357086
0.999933 0.000010 0.000017 0.000010 0.000010 0.000010 0.000010
0.000010 0.000010 0.000010 0.000010 0.999940 0.000010 0.000010
0.847631 0.000010 0.000010 0.000010 0.000010 0.152319 0.000010
0.442268 0.000010 0.000010 0.000010 0.337602 0.000010 0.220089
0.999940 0.000010 0.000010 0.000010 0.000010 0.000010 0.000010
0.850484 0.000010 0.025240 0.081943 0.000010 0.000010 0.042304
0.671529 0.328421 0.000010 0.000010 0.000010 0.000010 0.000010
0.000010 0.000010 0.000010 0.000010 0.388314 0.000010 0.611636
0.751720 0.000017 0.000010 0.000010 0.000010 0.000010 0.248223
0.000010 0.000010 0.000010 0.791240 0.000010 0.000010 0.208710
0.999940 0.000010 0.000010 0.000010 0.000010 0.000010 0.000010
0.896318 0.000010 0.000010 0.000010 0.000010 0.103632 0.000010
0.365466 0.297745 0.044463 0.086816 0.000010 0.205489 0.000010
0.000010 0.000010 0.000010 0.034852 0.965098 0.000010 0.000010
0.000010 0.000010 0.000010 0.000010 0.999940 0.000010 0.000010
0.000010 0.961607 0.038343 0.000010 0.000010 0.000010 0.000010
0.000010 0.000010 0.000010 0.000010 0.999940 0.000010 0.000010
0.355168 0.644782 0.000010 0.000010 0.000010 0.000010 0.000010
0.000010 0.000010 0.000010 0.000010 0.544270 0.000010 0.455680
0.000010 0.176492 0.000010 0.000010 0.517879 0.151549 0.154050
0.000010 0.000010 0.000010 0.000010 0.000010 0.150041 0.849909
0.999940 0.000010 0.000010 0.000010 0.000010 0.000010 0.000010
0.691605 0.000010 0.000010 0.000010 0.232729 0.000010 0.075625
0.525086 0.273315 0.000010 0.000010 0.000010 0.201559 0.000010
0.728110 0.177719 0.000010 0.000010 0.000010 0.094131 0.000010
0.000010 0.586061 0.000010 0.000010 0.000010 0.413889 0.000010
0.000010 0.000010 0.000010 0.000010 0.999940 0.000010 0.000010
0.525534 0.086946 0.000010 0.000010 0.231225 0.156265 0.000010
0.000010 0.735228 0.085361 0.000010 0.000010 0.000010 0.179371
0.000010 0.000010 0.000010 0.000010 0.999940 0.000010 0.000010
0.848928 0.151022 0.000010 0.000010 0.000010 0.000010 0.000010
0.977176 0.000010 0.000010 0.000010 0.000010 0.000010 0.022774
0.000010 0.000010 0.000010 0.000010 0.855173 0.000010 0.144777
0.543169 0.456781 0.000010 0.000010 0.000010 0.000010 0.000010
0.736636 0.263314 0.000010 0.000010 0.000010 0.000010 0.000010
0.000010 0.000010 0.000010 0.000010 0.999940 0.000010 0.000010
0.302136 0.105896 0.000010 0.000010 0.000010 0.110604 0.481334
0.000010 0.331249 0.000010 0.000010 0.668701 0.000010 0.000010
0.999940 0.000010 0.000010 0.000010 0.000010 0.000010 0.000010
0.000010 0.000010 0.000010 0.000010 0.000010 0.000010 0.999940
0.268197 0.731753 0.000010 0.000010 0.000010 0.000010 0.000010
0.142553 0.000010 0.000010 0.000010 0.000010 0.000010 0.857397
0.000010 0.000016 0.000010 0.847556 0.000010 0.000010 0.152388
0.498255 0.000010 0.000010 0.000010 0.501695 0.000010 0.000010
0.000010 0.858151 0.000010 0.000010 0.000010 0.000010 0.141799
0.000010 0.000010 0.000010 0.000010 0.999940 0.000010 0.000010
0.766706 0.000010 0.000010 0.000010 0.000010 0.098842 0.134412
0.000010 0.180822 0.000010 0.073300 0.224450 0.000010 0.521398
0.999940 0.000010 0.000010 0.000010 0.000010 0.000010 0.000010
0.421592 0.358951 0.000010 0.000010 0.118283 0.000010 0.101143
0.221650 0.102452 0.000010 0.000010 0.126376 0.060326 0.489177
0.000010 0.000010 0.000010 0.000010 0.000010 0.000010 0.999940
0.000010 0.355218 0.027167 0.000010 0.617575 0.000010 0.000010
0.000010 0.000010 0.000010 0.000010 0.612279 0.000010 0.387671
0.000010 0.615284 0.000010 0.000010 0.275275 0.000010 0.109401
0.304327 0.000010 0.068034 0.000010 0.271993 0.000010 0.355616
0.000010 0.000010 0.000010 0.000010 0.999940 0.000010 0.000010
0.765859 0.234091 0.000010 0.000010 0.000010 0.000010 0.000010
0.000010 0.000010 0.000010 0.000010 0.714568 0.000010 0.285382
0.999940 0.000010 0.000010 0.000010 0.000010 0.000010 0.000010
0.000010 0.971207 0.000010 0.000010 0.000010 0.000010 0.028743
0.000010 0.000010 0.000010 0.000010 0.933050 0.000010 0.066900
0.828906 0.000010 0.000010 0.000010 0.000010 0.171044 0.000010
0.000010 0.000010 0.000010 0.000010 0.999940 0.000010 0.000010
0.000010 0.496064 0.000010 0.000010 0.503886 0.000010 0.000010
0.659342 0.000010 0.021525 0.000010 0.000010 0.000010 0.319093
0.649851 0.000010 0.000010 0.000010 0.000010 0.000010 0.350099
0.000010 0.266271 0.000010 0.000010 0.000010 0.000010 0.733679
0.249218 0.344599 0.000010 0.000010 0.294812 0.111341 0.000010
0.681415 0.000010 0.000010 0.000010 0.318535 0.000010 0.000010
0.000010 0.000010 0.000010 0.000010 0.634156 0.000010 0.365794
0.730380 0.000010 0.000010 0.000010 0.269570 0.000010 0.000010
0.000010 0.190896 0.000010 0.000010 0.809054 0.000010 0.000010
0.000010 0.000010 0.030408 0.000010 0.873186 0.000010 0.096366
0.000010 0.460060 0.000011 0.161806 0.378092 0.000010 0.000010
0.361674 0.262984 0.000010 0.000010 0.260381 0.114931 0.000010
0.000010 0.000010 0.000010 0.000010 0.999940 0.000010 0.000010
0.000010 0.000010 0.000010 0.000010 0.000010 0.000010 0.999940
0.000010 0.000010 0.000010 0.000010 0.999940 0.000010 0.000010
0.000010 0.000010 0.000010 0.000010 0.999940 0.000010 0.000010
0.314412 0.000010 0.000010 0.000010 0.280808 0.000010 0.404740
0.000010 0.000010 0.000010 0.000010 0.000010 0.000010 0.999940
0.000010 0.000010 0.031265 0.000010 0.968685 0.000010 0.000010
0.000010 0.000010 0.000010 0.000010 0.000010 0.000010 0.999940
0.000010 0.453677 0.024870 0.000010 0.378662 0.000010 0.142761
0.000010 0.000010 0.000010 0.000010 0.976118 0.000010 0.023832
0.416693 0.476308 0.000010 0.106958 0.000010 0.000010 0.000010
0.000010 0.199138 0.000010 0.000010 0.593135 0.207687 0.000010
0.000010 0.565518 0.000010 0.000010 0.434432 0.000010 0.000010
0.000010 0.808769 0.000010 0.000010 0.000010 0.000010 0.191181
