0.000010 0.022414 0.013087 0.000010 0.835821 0.128638 0.000010 0.000010
0.000010 0.618510 0.000010 0.000010 0.381430 0.000010 0.000010 0.000010
0.000010 0.999930 0.000010 0.000010 0.000010 0.000010 0.000010 0.000010
0.000010 0.451126 0.000010 0.000010 0.548814 0.000010 0.000010 0.000010
0.045588 0.244046 0.000010 0.000010 0.710316 0.000010 0.000010 0.000010
0.000010 0.392897 0.000010 0.000010 0.607043 0.000010 0.000010 0.000010
0.000010 0.534920 0.000010 0.000010 0.465020 0.000010 0.000010 0.000010
0.000010 0.015288 0.000010 0.000010 0.984652 0.000010 0.000010 0.000010
0.000010 0.748657 0.000010 0.000010 0.251283 0.000010 0.000010 0.000010
0.000010 0.815674 0.000010 0.000010 0.184266 0.000010 0.000010 0.000010
0.000010 0.617611 0.000010 0.000010 0.382329 0.000010 0.000010 0.000010
0.000010 0.492886 0.000010 0.000010 0.507054 0.000010 0.000010 0.000010
0.000010 0.999930 0.000010 0.000010 0.000010 0.000010 0.000010 0.000010
0.000010 0.226652 0.000010 0.000010 0.773288 0.000010 0.000010 0.000010
0.000010 0.999877 0.000010 0.000010 0.000063 0.000010 0.000010 0.000010
0.000010 0.313546 0.000010 0.000010 0.686394 0.000010 0.000010 0.000010
0.075847 0.280681 0.000010 0.000010 0.643422 0.000010 0.000010 0.000010
0.000010 0.091737 0.000010 0.000010 0.000010 0.000010 0.000010 0.908203
0.000010 0.814027 0.000010 0.000010 0.185913 0.000010 0.000010 0.000010
0.000010 0.741931 0.000010 0.000010 0.258009 0.000010 0.000010 0.000010
0.012740 0.286424 0.000010 0.000010 0.700786 0.000010 0.000010 0.000010
0.000010 0.584649 0.000010 0.000010 0.415291 0.000010 0.000010 0.000010
0.000010 0.283959 0.000010 0.000010 0.715981 0.000010 0.000010 0.000010
0.000010 0.258540 0.000010 0.000010 0.741400 0.000010 0.000010 0.000010
0.000010 0.399326 0.000010 0.000010 0.591968 0.000010 0.000010 0.008657
0.000010 0.509752 0.000010 0.000010 0.490188 0.000010 0.000010 0.000010
0.000010 0.458353 0.000010 0.000010 0.541587 0.000010 0.000010 0.000010
0.000010 0.999930 0.000010 0.000010 0.000010 0.000010 0.000010 0.000010
0.000010 0.000010 0.000010 0.000010 0.485295 0.000010 0.000010 0.514645
0.000010 0.429850 0.000010 0.000010 0.570090 0.000010 0.000010 0.000010
0.000010 0.999930 0.000010 0.000010 0.000010 0.000010 0.000010 0.000010
0.000010 0.400807 0.000010 0.000010 0.599133 0.000010 0.000010 0.000010
0.062160 0.445439 0.000010 0.000010 0.492351 0.000010 0.000010 0.000010
0.000010 0.464690 0.000010 0.000010 0.535250 0.000010 0.000010 0.000010
0.000010 0.999930 0.000010 0.000010 0.000010 0.000010 0.000010 0.000010
0.000010 0.721127 0.000010 0.000010 0.278813 0.000010 0.000010 0.000010
0.000010 0.999930 0.000010 0.000010 0.000010 0.000010 0.000010 0.000010
0.000010 0.373814 0.000010 0.000010 0.626126 0.000010 0.000010 0.000010
0.000010 0.322247 0.000010 0.000010 0.677693 0.000010 0.000010 0.000010
0.000010 0.626180 0.000010 0.000010 0.373760 0.000010 0.000010 0.000010
0.000010 0.211914 0.000010 0.000010 0.788026 0.000010 0.000010 0.000010
0.000010 0.999930 0.000010 0.000010 0.000010 0.000010 0.000010 0.000010
0.000010 0.500405 0.000010 0.000010 0.499535 0.000010 0.000010 0.000010
0.000010 0.699104 0.000010 0.000010 0.300836 0.000010 0.000010 0.000010
0.000010 0.999930 0.000010 0.000010 0.000010 0.000010 0.000010 0.000010
0.014649 0.436216 0.000010 0.000010 0.546822 0.000010 0.000010 0.002274
0.000010 0.000010 0.000010 0.000010 0.182118 0.000010 0.000010 0.817822
0.000010 0.000010 0.000010 0.000010 0.658456 0.000010 0.000010 0.341484
0.060839 0.561124 0.000010 0.000010 0.377987 0.000010 0.000010 0.000010
0.000010 0.598561 0.000010 0.000010 0.401379 0.000010 0.000010 0.000010
0.000010 0.391649 0.000010 0.000010 0.608291 0.000010 0.000010 0.000010
0.000010 0.244236 0.000010 0.000010 0.755704 0.000010 0.000010 0.000010
0.000010 0.720766 0.000010 0.000010 0.279174 0.000010 0.000010 0.000010
0.000010 0.403373 0.000010 0.000010 0.596567 0.000010 0.000010 0.000010
0.000010 0.999930 0.000010 0.000010 0.000010 0.000010 0.000010 0.000010
0.000010 0.163090 0.000010 0.000010 0.628987 0.000010 0.000010 0.207873
0.000010 0.999930 0.000010 0.000010 0.000010 0.000010 0.000010 0.000010
0.000010 0.070704 0.000010 0.000010 0.929236 0.000010 0.000010 0.000010
0.000010 0.471074 0.000010 0.000010 0.528866 0.000010 0.000010 0.000010
0.000010 0.396949 0.000010 0.000010 0.602991 0.000010 0.000010 0.000010
0.098684 0.241345 0.086896 0.000010 0.573035 0.000010 0.000010 0.000010
0.000010 0.387572 0.000010 0.000010 0.612368 0.000010 0.000010 0.000010
0.000010 0.917761 0.000010 0.000010 0.082179 0.000010 0.000010 0.000010
0.000010 0.318703 0.000010 0.000010 0.681237 0.000010 0.000010 0.000010
0.000010 0.249700 0.000010 0.000010 0.750240 0.000010 0.000010 0.000010
0.000010 0.212922 0.000010 0.000010 0.787018 0.000010 0.000010 0.000010
0.000010 0.516435 0.000010 0.000010 0.483505 0.000010 0.000010 0.000010
0.000010 0.256013 0.000010 0.142954 0.600982 0.000010 0.000010 0.000010
0.000010 0.901397 0.000010 0.000010 0.098543 0.000010 0.000010 0.000010
0.000010 0.837580 0.000010 0.000010 0.162360 0.000010 0.000010 0.000010
0.000010 0.339930 0.000010 0.000010 0.660010 0.000010 0.000010 0.000010
0.000010 0.109067 0.234381 0.000010 0.656502 0.000010 0.000010 0.000010
0.000010 0.795929 0.000010 0.000010 0.204011 0.000010 0.000010 0.000010
0.000010 0.799848 0.000010 0.000010 0.200092 0.000010 0.000010 0.000010
0.000010 0.528731 0.000010 0.000010 0.471209 0.000010 0.000010 0.000010
0.000010 0.565869 0.000010 0.000010 0.434071 0.000010 0.000010 0.000010
0.000010 0.999930 0.000010 0.000010 0.000010 0.000010 0.000010 0.000010
0.000010 0.510371 0.000010 0.000010 0.489569 0.000010 0.000010 0.000010
0.000010 0.545607 0.000010 0.000010 0.454333 0.000010 0.000010 0.000010
0.021402 0.978538 0.000010 0.000010 0.000010 0.000010 0.000010 0.000010
0.000010 0.999930 0.000010 0.000010 0.000010 0.000010 0.000010 0.000010
0.000010 0.999925 0.000010 0.000010 0.000010 0.000015 0.000010 0.000010
0.000010 0.890980 0.000010 0.000010 0.108960 0.000010 0.000010 0.000010
0.000010 0.999930 0.000010 0.000010 0.000010 0.000010 0.000010 0.000010
0.000010 0.097141 0.000010 0.000010 0.843490 0.000010 0.000010 0.059318
0.000010 0.000010 0.000010 0.000010 0.549763 0.000010 0.000010 0.450177
0.000010 0.109508 0.000010 0.000010 0.867183 0.000010 0.023259 0.000010
0.029308 0.145986 0.000010 0.000010 0.824657 0.000010 0.000010 0.000010
0.000010 0.699929 0.000010 0.000010 0.300011 0.000010 0.000010 0.000010
0.000010 0.999930 0.000010 0.000010 0.000010 0.000010 0.000010 0.000010
0.030134 0.669599 0.000010 0.000010 0.300217 0.000010 0.000010 0.000010
0.000010 0.408628 0.000010 0.000010 0.591312 0.000010 0.000010 0.000010
0.000010 0.000010 0.000010 0.000010 0.617372 0.000010 0.000010 0.382568
0.000010 0.319179 0.000010 0.000010 0.680761 0.000010 0.000010 0.000010
0.000010 0.849073 0.000019 0.000010 0.150858 0.000010 0.000010 0.000010
0.000010 0.347397 0.000010 0.000010 0.000010 0.000010 0.000010 0.652543
0.042695 0.488401 0.000010 0.000010 0.468853 0.000010 0.000010 0.000010
0.000010 0.234246 0.000010 0.000010 0.618195 0.000010 0.000010 0.147510
0.000010 0.809661 0.000010 0.000010 0.190279 0.000010 0.000010 0.000010
0.000010 0.999930 0.000010 0.000010 0.000010 0.000010 0.000010 0.000010
0.000010 0.832660 0.000010 0.000010 0.167280 0.000010 0.000010 0.000010
0.037297 0.630676 0.000010 0.000010 0.331977 0.000010 0.000010 0.000010
0.000010 0.463510 0.000010 0.000010 0.536430 0.000010 0.000010 0.000010
0.000010 0.521928 0.000010 0.000010 0.478012 0.000010 0.000010 0.000010
0.000010 0.697197 0.000010 0.000010 0.302743 0.000010 0.000010 0.000010
0.000010 0.844210 0.000010 0.000010 0.155730 0.000010 0.000010 0.000010
0.000010 0.490768 0.000010 0.000010 0.509172 0.000010 0.000010 0.000010
0.000010 0.999930 0.000010 0.000010 0.000010 0.000010 0.000010 0.000010
0.000010 0.284916 0.000010 0.000010 0.715024 0.000010 0.000010 0.000010
0.000010 0.616312 0.000010 0.000010 0.383623 0.000010 0.000015 0.000010
0.000010 0.611839 0.000010 0.000010 0.388101 0.000010 0.000010 0.000010
0.000010 0.556082 0.000010 0.000010 0.443858 0.000010 0.000010 0.000010
0.000010 0.563826 0.000017 0.000010 0.436107 0.000010 0.000010 0.000010
0.000010 0.082752 0.000010 0.000010 0.917188 0.000010 0.000010 0.000010
0.000010 0.090485 0.000010 0.000010 0.000010 0.000010 0.000010 0.909455
0.002620 0.615213 0.000017 0.000010 0.382110 0.000010 0.000010 0.000010
0.000010 0.000010 0.000010 0.000010 0.999930 0.000010 0.000010 0.000010
0.000010 0.999930 0.000010 0.000010 0.000010 0.000010 0.000010 0.000010
0.000010 0.386853 0.000010 0.000010 0.613087 0.000010 0.000010 0.000010
0.246090 0.640051 0.000010 0.000014 0.113805 0.000010 0.000010 0.000010
0.000010 0.351856 0.000010 0.000010 0.648084 0.000010 0.000010 0.000010
0.000010 0.249555 0.000010 0.000010 0.750385 0.000010 0.000010 0.000010
0.000010 0.550374 0.000010 0.000010 0.449566 0.000010 0.000010 0.000010
0.000010 0.945192 0.000010 0.000010 0.054748 0.000010 0.000010 0.000010
0.000010 0.999930 0.000010 0.000010 0.000010 0.000010 0.000010 0.000010
0.000010 0.588918 0.000010 0.000010 0.411022 0.000010 0.000010 0.000010
0.000010 0.276902 0.000010 0.000010 0.723038 0.000010 0.000010 0.000010
0.000010 0.544623 0.000010 0.000010 0.455317 0.000011 0.000010 0.000010
0.000013 0.000010 0.000010 0.000010 0.162006 0.000010 0.000010 0.837931
0.000010 0.999930 0.000010 0.000010 0.000010 0.000010 0.000010 0.000010
0.000010 0.388862 0.000010 0.000010 0.611078 0.000010 0.000010 0.000010
0.000010 0.565195 0.000010 0.000010 0.434745 0.000010 0.000010 0.000010
0.000010 0.151801 0.000010 0.000010 0.848139 0.000010 0.000010 0.000010
0.000010 0.786228 0.000010 0.000010 0.213712 0.000010 0.000010 0.000010
0.000010 0.734339 0.000010 0.000010 0.265601 0.000010 0.000010 0.000010
0.000010 0.789986 0.000010 0.000010 0.209954 0.000010 0.000010 0.000010
0.057510 0.741482 0.000010 0.000010 0.200958 0.000010 0.000010 0.000010
0.054631 0.735951 0.000010 0.000010 0.209368 0.000010 0.000010 0.000010
0.000010 0.397348 0.000010 0.000010 0.000010 0.602592 0.000010 0.000010
0.000010 0.488986 0.000010 0.000010 0.510954 0.000010 0.000010 0.000010
0.000010 0.999930 0.000010 0.000010 0.000010 0.000010 0.000010 0.000010
0.000010 0.368365 0.000010 0.000010 0.631575 0.000010 0.000010 0.000010
0.000010 0.150021 0.000010 0.000010 0.849919 0.000010 0.000010 0.000010
0.000010 0.062163 0.000010 0.000010 0.937777 0.000010 0.000010 0.000010
0.000010 0.999930 0.000010 0.000010 0.000010 0.000010 0.000010 0.000010
0.000010 0.000010 0.000010 0.000010 0.709735 0.290205 0.000010 0.000010
0.000010 0.333907 0.000010 0.000010 0.666033 0.000010 0.000010 0.000010
0.000010 0.501326 0.000010 0.000010 0.498614 0.000010 0.000010 0.000010
0.000010 0.705277 0.000010 0.000010 0.294663 0.000010 0.000010 0.000010
0.000010 0.076947 0.000010 0.000010 0.922993 0.000010 0.000010 0.000010
0.000010 0.526258 0.000010 0.000010 0.473682 0.000010 0.000010 0.000010
0.000010 0.015064 0.000010 0.000010 0.984876 0.000010 0.000010 0.000010
0.000010 0.386373 0.000010 0.000010 0.613567 0.000010 0.000010 0.000010
0.024771 0.146810 0.000010 0.000010 0.828369 0.000010 0.000010 0.000010
0.000010 0.597168 0.000010 0.000010 0.402772 0.000010 0.000010 0.000010
0.000010 0.408924 0.000010 0.000010 0.591016 0.000010 0.000010 0.000010
0.000010 0.725018 0.000010 0.000012 0.274920 0.000010 0.000010 0.000010
0.000010 0.999930 0.000010 0.000010 0.000010 0.000010 0.000010 0.000010
0.000010 0.788529 0.000010 0.000010 0.211411 0.000010 0.000010 0.000010
0.052582 0.235117 0.346357 0.000010 0.365904 0.000010 0.000010 0.000010
0.000010 0.096972 0.000010 0.000010 0.902968 0.000010 0.000010 0.000010
0.000010 0.142181 0.000010 0.000010 0.857759 0.000010 0.000010 0.000010
0.000010 0.468964 0.000010 0.000010 0.530976 0.000010 0.000010 0.000010
0.000010 0.378587 0.000010 0.000010 0.621353 0.000010 0.000010 0.000010
0.000010 0.728018 0.000010 0.000010 0.271922 0.000010 0.000010 0.000010
0.000010 0.000010 0.000010 0.000010 0.244312 0.000010 0.000010 0.755628
0.000010 0.477125 0.000010 0.000010 0.522815 0.000010 0.000010 0.000010
0.000010 0.223870 0.000010 0.000010 0.776070 0.000010 0.000010 0.000010
0.000010 0.480136 0.519804 0.000010 0.000010 0.000010 0.000010 0.000010
0.000010 0.999930 0.000010 0.000010 0.000010 0.000010 0.000010 0.000010
0.000010 0.754003 0.000010 0.000010 0.245937 0.000010 0.000010 0.000010
0.000010 0.059906 0.000010 0.000010 0.940034 0.000010 0.000010 0.000010
0.000010 0.249804 0.000010 0.000010 0.750136 0.000010 0.000010 0.000010
0.000010 0.999930 0.000010 0.000010 0.000010 0.000010 0.000010 0.000010
0.000010 0.647176 0.000010 0.000010 0.352764 0.000010 0.000010 0.000010
0.000010 0.292843 0.000010 0.000010 0.707097 0.000010 0.000010 0.000010
0.031972 0.314222 0.000010 0.000010 0.653756 0.000010 0.000010 0.000010
0.000010 0.153686 0.000010 0.000010 0.638723 0.000010 0.000010 0.207541
0.000010 0.759566 0.000010 0.000010 0.240374 0.000010 0.000010 0.000010
0.000010 0.000010 0.574191 0.000010 0.425749 0.000010 0.000010 0.000010
0.000010 0.000010 0.999930 0.000010 0.000010 0.000010 0.000010 0.000010
0.000010 0.000010 0.000010 0.000010 0.999930 0.000010 0.000010 0.000010
0.000010 0.000010 0.000010 0.000010 0.573854 0.000010 0.000010 0.426086
0.000010 0.000010 0.268804 0.000010 0.731136 0.000010 0.000010 0.000010
0.000010 0.000010 0.194744 0.000010 0.805196 0.000010 0.000010 0.000010
0.000010 0.000010 0.527565 0.000010 0.472375 0.000010 0.000010 0.000010
0.047467 0.000010 0.902736 0.000010 0.049747 0.000010 0.000010 0.000010
0.000010 0.000010 0.932427 0.000010 0.067513 0.000010 0.000010 0.000010
0.000010 0.000010 0.999930 0.000010 0.000010 0.000010 0.000010 0.000010
0.000010 0.000010 0.000010 0.000010 0.000010 0.999930 0.000010 0.000010
0.000010 0.000010 0.000010 0.000010 0.652865 0.347075 0.000010 0.000010
0.000010 0.000010 0.000010 0.000010 0.763753 0.000010 0.236187 0.000010
0.000010 0.000010 0.000010 0.000010 0.341115 0.658825 0.000010 0.000010
0.044721 0.000010 0.770827 0.000010 0.184402 0.000010 0.000010 0.000010
0.000010 0.019219 0.278135 0.000010 0.702597 0.000010 0.000010 0.000010
0.000010 0.000010 0.198592 0.000010 0.801348 0.000010 0.000010 0.000010
0.000010 0.000010 0.999930 0.000010 0.000010 0.000010 0.000010 0.000010
0.000010 0.000010 0.267597 0.000010 0.732343 0.000010 0.000010 0.000010
0.000010 0.000010 0.000010 0.000010 0.000010 0.999930 0.000010 0.000010
0.000010 0.000010 0.100029 0.000010 0.899911 0.000010 0.000010 0.000010
0.000010 0.000010 0.000010 0.000010 0.645138 0.000010 0.000010 0.354802
0.000010 0.000010 0.990381 0.000010 0.009559 0.000010 0.000010 0.000010
0.000010 0.173307 0.568047 0.000010 0.258597 0.000010 0.000010 0.000010
0.037852 0.055925 0.000010 0.000010 0.806861 0.000010 0.099322 0.000010
0.000010 0.000010 0.829955 0.000010 0.169985 0.000010 0.000010 0.000010
0.000010 0.000010 0.310845 0.000010 0.689095 0.000010 0.000010 0.000010
0.000010 0.000010 0.170820 0.000010 0.829120 0.000010 0.000010 0.000010
0.035194 0.000010 0.393561 0.000010 0.571195 0.000010 0.000010 0.000010
0.000010 0.078228 0.000010 0.000010 0.538016 0.000010 0.383707 0.000010
0.000010 0.000010 0.000015 0.999916 0.000010 0.000010 0.000019 0.000010
0.000010 0.000010 0.121906 0.000010 0.878034 0.000010 0.000010 0.000010
0.000010 0.000010 0.427881 0.000010 0.572059 0.000010 0.000010 0.000010
0.000010 0.000010 0.633787 0.000010 0.366153 0.000010 0.000010 0.000010
0.000010 0.000010 0.600723 0.000010 0.399217 0.000010 0.000010 0.000010
0.000010 0.000010 0.281623 0.000010 0.718317 0.000010 0.000010 0.000010
0.000010 0.000010 0.904179 0.000010 0.095761 0.000010 0.000010 0.000010
0.000010 0.000010 0.224745 0.000010 0.775195 0.000010 0.000010 0.000010
0.000010 0.000010 0.000010 0.147967 0.851973 0.000010 0.000010 0.000010
0.000010 0.000010 0.000010 0.000010 0.510535 0.000010 0.000010 0.489405
0.000010 0.000010 0.000010 0.000010 0.999930 0.000010 0.000010 0.000010
0.000010 0.051317 0.000010 0.358145 0.590489 0.000010 0.000010 0.000010
0.000010 0.039094 0.000010 0.000010 0.960846 0.000010 0.000010 0.000010
0.000010 0.000010 0.000010 0.000010 0.000010 0.000010 0.000010 0.999930
0.000010 0.000010 0.000010 0.000010 0.362472 0.637468 0.000010 0.000010
0.000010 0.000010 0.242971 0.000010 0.756969 0.000010 0.000010 0.000010
0.005713 0.000010 0.000010 0.000010 0.000010 0.994227 0.000010 0.000010
0.000010 0.000010 0.259757 0.000010 0.740183 0.000010 0.000010 0.000010
0.000010 0.000010 0.999929 0.000010 0.000011 0.000010 0.000010 0.000010
0.000010 0.000010 0.998633 0.000010 0.001307 0.000010 0.000010 0.000010
0.000010 0.000010 0.000010 0.000010 0.000010 0.999930 0.000010 0.000010
0.000010 0.000010 0.000010 0.000010 0.316032 0.683908 0.000010 0.000010
0.000010 0.000010 0.107791 0.000010 0.892149 0.000010 0.000010 0.000010
0.000010 0.000010 0.182007 0.000010 0.817933 0.000010 0.000010 0.000010
0.000010 0.000010 0.696574 0.000010 0.303366 0.000010 0.000010 0.000010
0.000010 0.000010 0.602417 0.052111 0.345423 0.000010 0.000010 0.000010
0.000010 0.000010 0.825146 0.000010 0.174794 0.000010 0.000010 0.000010
0.000010 0.000010 0.951513 0.000010 0.048427 0.000010 0.000010 0.000010
0.000010 0.000010 0.002809 0.000010 0.850078 0.147063 0.000010 0.000010
0.000010 0.003379 0.084699 0.000010 0.812892 0.098990 0.000010 0.000010
0.000010 0.061613 0.000010 0.000010 0.680757 0.257579 0.000010 0.000010
0.000010 0.000010 0.242580 0.000010 0.757360 0.000010 0.000010 0.000010
0.000010 0.000010 0.000010 0.000010 0.000010 0.000010 0.999930 0.000010
0.000010 0.000010 0.756633 0.000010 0.243307 0.000010 0.000010 0.000010
0.106347 0.131459 0.438175 0.000010 0.323978 0.000010 0.000010 0.000010
0.000010 0.000010 0.276445 0.000010 0.723495 0.000010 0.000010 0.000010
0.000010 0.000010 0.316001 0.000010 0.675585 0.000010 0.000010 0.008363
0.061858 0.000010 0.449431 0.000010 0.488661 0.000010 0.000010 0.000010
0.040755 0.000010 0.778496 0.000010 0.180699 0.000010 0.000010 0.000010
0.000010 0.000010 0.000010 0.000010 0.356200 0.643740 0.000010 0.000010
0.000010 0.000010 0.526625 0.000010 0.473315 0.000010 0.000010 0.000010
0.000010 0.000010 0.265252 0.000010 0.734688 0.000010 0.000010 0.000010
0.000010 0.000010 0.063651 0.000010 0.936289 0.000010 0.000010 0.000010
0.000010 0.000010 0.000010 0.000010 0.443724 0.556216 0.000010 0.000010
0.000010 0.000010 0.924428 0.000010 0.075512 0.000010 0.000010 0.000010
0.000010 0.000010 0.453289 0.000010 0.546651 0.000010 0.000010 0.000010
0.000010 0.000010 0.000010 0.000010 0.000010 0.999930 0.000010 0.000010
0.018183 0.000010 0.200937 0.000010 0.780830 0.000010 0.000010 0.000010
0.034779 0.000010 0.812717 0.000010 0.152453 0.000010 0.000010 0.000010
0.000010 0.000010 0.999930 0.000010 0.000010 0.000010 0.000010 0.000010
0.000010 0.000010 0.058071 0.000010 0.941869 0.000010 0.000010 0.000010
0.000010 0.023558 0.162384 0.000010 0.814007 0.000010 0.000010 0.000010
0.000010 0.000010 0.757332 0.000010 0.242608 0.000010 0.000010 0.000010
0.000010 0.000010 0.000010 0.000010 0.591480 0.408460 0.000010 0.000010
0.008665 0.000010 0.499001 0.000010 0.369098 0.123196 0.000010 0.000010
0.000010 0.000010 0.836048 0.000010 0.163892 0.000010 0.000010 0.000010
0.000010 0.000010 0.454890 0.000010 0.545050 0.000010 0.000010 0.000010
0.000010 0.000010 0.000010 0.000010 0.378725 0.000010 0.000010 0.621215
0.000010 0.000010 0.098489 0.000010 0.841935 0.000010 0.000010 0.059527
0.000010 0.000010 0.813939 0.000010 0.186001 0.000010 0.000010 0.000010
0.000010 0.000010 0.999930 0.000010 0.000010 0.000010 0.000010 0.000010
0.000010 0.000010 0.275017 0.542759 0.182173 0.000010 0.000010 0.000010
0.018817 0.000010 0.000010 0.000010 0.667704 0.000010 0.313430 0.000010
0.000010 0.000010 0.207855 0.000010 0.792085 0.000010 0.000010 0.000010
0.121741 0.000010 0.000010 0.000010 0.565045 0.313164 0.000010 0.000010
0.000010 0.000010 0.999930 0.000010 0.000010 0.000010 0.000010 0.000010
0.000010 0.000010 0.073865 0.000010 0.926075 0.000010 0.000010 0.000010
0.000010 0.000010 0.999930 0.000010 0.000010 0.000010 0.000010 0.000010
0.000010 0.000010 0.325857 0.000010 0.674083 0.000010 0.000010 0.000010
0.000010 0.025783 0.273895 0.000010 0.700272 0.000010 0.000010 0.000010
0.000010 0.000010 0.000010 0.000010 0.999930 0.000010 0.000010 0.000010
0.000010 0.000010 0.440752 0.000010 0.559188 0.000010 0.000010 0.000010
0.000010 0.000010 0.741736 0.000010 0.258204 0.000010 0.000010 0.000010
0.000010 0.000010 0.000010 0.000010 0.713699 0.286241 0.000010 0.000010
0.000010 0.000010 0.000010 0.000010 0.788210 0.000010 0.000010 0.211730
0.000010 0.000010 0.000010 0.000010 0.608208 0.000010 0.000010 0.391732
0.000010 0.000010 0.000010 0.000010 0.000010 0.999930 0.000010 0.000010
0.000010 0.000010 0.000010 0.000010 0.243426 0.756514 0.000010 0.000010
0.000010 0.000010 0.829099 0.000010 0.170841 0.000010 0.000010 0.000010
0.000010 0.000010 0.000010 0.126182 0.873758 0.000010 0.000010 0.000010
0.000010 0.074223 0.209169 0.000010 0.716558 0.000010 0.000010 0.000010
0.000010 0.000010 0.469219 0.000010 0.530721 0.000010 0.000010 0.000010
0.000010 0.000010 0.808820 0.000010 0.191120 0.000010 0.000010 0.000010
0.000010 0.000010 0.417860 0.000010 0.286301 0.000010 0.000010 0.295789
0.000010 0.000010 0.999930 0.000010 0.000010 0.000010 0.000010 0.000010
0.049873 0.000010 0.071590 0.000010 0.771456 0.000010 0.107041 0.000010
0.000010 0.000010 0.000010 0.000010 0.503036 0.496904 0.000010 0.000010
0.000010 0.000010 0.112154 0.000010 0.887786 0.000010 0.000010 0.000010
0.000010 0.000010 0.000010 0.000010 0.000010 0.999930 0.000010 0.000010
0.000010 0.148956 0.647510 0.000010 0.203484 0.000010 0.000010 0.000010
0.000010 0.000010 0.356445 0.000010 0.643495 0.000010 0.000010 0.000010
0.000010 0.055857 0.289040 0.000010 0.655053 0.000010 0.000010 0.000010
0.000010 0.079348 0.000010 0.000010 0.501434 0.000010 0.000010 0.419168
0.000010 0.000010 0.950046 0.000010 0.049894 0.000010 0.000010 0.000010
0.000010 0.000010 0.187363 0.000010 0.812577 0.000010 0.000010 0.000010
0.000010 0.000010 0.298562 0.000010 0.701378 0.000010 0.000010 0.000010
0.000010 0.000010 0.000010 0.000010 0.763208 0.236732 0.000010 0.000010
0.000010 0.000010 0.657116 0.000010 0.342824 0.000010 0.000010 0.000010
0.000010 0.000010 0.595479 0.000010 0.404461 0.000010 0.000010 0.000010
0.046994 0.000010 0.249160 0.000010 0.703795 0.000011 0.000010 0.000010
0.000010 0.000010 0.999930 0.000010 0.000010 0.000010 0.000010 0.000010
0.000010 0.000010 0.000010 0.000010 0.168563 0.000010 0.831377 0.000010
0.000010 0.000010 0.594811 0.000010 0.405129 0.000010 0.000010 0.000010
0.000010 0.000010 0.000010 0.000010 0.600258 0.399682 0.000010 0.000010
0.000010 0.000010 0.000010 0.000010 0.840595 0.000010 0.000010 0.159345
0.029573 0.000010 0.267234 0.000010 0.703143 0.000010 0.000010 0.000010
0.000010 0.000010 0.164010 0.000010 0.755756 0.000010 0.080183 0.000010
0.000010 0.000010 0.000010 0.000010 0.177525 0.822415 0.000010 0.000010
0.034503 0.046309 0.169734 0.000010 0.749414 0.000010 0.000010 0.000010
0.000010 0.000010 0.987582 0.000010 0.012358 0.000010 0.000010 0.000010
0.000010 0.000010 0.999930 0.000010 0.000010 0.000010 0.000010 0.000010
0.000010 0.000010 0.000010 0.000010 0.761830 0.238110 0.000010 0.000010
0.000010 0.000010 0.200081 0.000010 0.799859 0.000010 0.000010 0.000010
0.000010 0.018075 0.000010 0.421051 0.560824 0.000010 0.000010 0.000010
0.000010 0.000010 0.000010 0.000010 0.000010 0.000010 0.000010 0.999930
0.000010 0.000010 0.000010 0.000010 0.603884 0.000010 0.000010 0.396056
0.000010 0.110273 0.000010 0.741361 0.148316 0.000010 0.000010 0.000010
0.000010 0.000010 0.000010 0.000010 0.393782 0.000010 0.000010 0.606158
0.000010 0.000010 0.999930 0.000010 0.000010 0.000010 0.000010 0.000010
0.000010 0.000010 0.000010 0.000010 0.000010 0.000010 0.000010 0.999930
0.000010 0.000010 0.000010 0.000010 0.213273 0.000010 0.000010 0.786667
0.000010 0.000010 0.000010 0.000010 0.135757 0.000010 0.000010 0.864183
0.000010 0.000010 0.000010 0.000010 0.561384 0.438556 0.000010 0.000010
0.000010 0.000010 0.000010 0.706470 0.293470 0.000010 0.000010 0.000010
0.000010 0.073650 0.243444 0.000010 0.605503 0.077364 0.000010 0.000010
0.000010 0.000010 0.000010 0.000010 0.155829 0.000010 0.000010 0.844111
0.000010 0.000010 0.000010 0.000010 0.200812 0.000010 0.000010 0.799128
0.000010 0.000010 0.000010 0.000010 0.000010 0.999930 0.000010 0.000010
0.000011 0.000010 0.000010 0.913209 0.086731 0.000010 0.000010 0.000010
0.000010 0.000010 0.000010 0.000010 0.489473 0.000010 0.510467 0.000010
0.000010 0.000010 0.000010 0.000010 0.328653 0.000010 0.000010 0.671287
0.000010 0.000010 0.000010 0.000010 0.000010 0.000010 0.000010 0.999930
0.000010 0.000010 0.000010 0.297932 0.702008 0.000010 0.000010 0.000010
0.000010 0.000010 0.000010 0.999930 0.000010 0.000010 0.000010 0.000010
0.000010 0.000010 0.000010 0.000010 0.161401 0.838539 0.000010 0.000010
0.000010 0.000010 0.000010 0.000010 0.737626 0.000010 0.262314 0.000010
0.000010 0.000010 0.000010 0.000010 0.593883 0.406057 0.000010 0.000010
0.000010 0.000010 0.000010 0.000010 0.442530 0.557410 0.000010 0.000010
0.000010 0.000010 0.000010 0.000010 0.000010 0.000010 0.000010 0.999930
0.000010 0.000010 0.000010 0.495003 0.504937 0.000010 0.000010 0.000010
0.000010 0.000010 0.000010 0.000010 0.726552 0.000010 0.273388 0.000010
0.000010 0.000010 0.000010 0.000010 0.000010 0.000010 0.000010 0.999930
0.000010 0.000010 0.000010 0.000010 0.407506 0.000010 0.000010 0.592434
0.000010 0.000010 0.000010 0.000010 0.356106 0.643834 0.000010 0.000010
0.032853 0.015148 0.000010 0.000010 0.468116 0.000010 0.000010 0.483843
0.000010 0.108920 0.000010 0.252813 0.638218 0.000010 0.000010 0.000010
0.000010 0.000010 0.503782 0.000010 0.496158 0.000010 0.000010 0.000010
0.000010 0.000010 0.000010 0.000010 0.142419 0.857521 0.000010 0.000010
0.000010 0.000010 0.062837 0.000010 0.699602 0.000010 0.237510 0.000010
0.000010 0.000010 0.000010 0.000010 0.297407 0.000010 0.702533 0.000010
0.000010 0.000010 0.000010 0.000010 0.334043 0.000010 0.665897 0.000010
0.000010 0.000010 0.212969 0.000010 0.000010 0.000010 0.000010 0.786971
0.000010 0.000010 0.000010 0.286484 0.713456 0.000010 0.000010 0.000010
0.000010 0.000010 0.655193 0.000010 0.267644 0.000010 0.000010 0.077114
0.000010 0.000010 0.556038 0.443902 0.000010 0.000010 0.000010 0.000010
0.082135 0.000010 0.000010 0.000010 0.353580 0.000010 0.000010 0.564235
0.000010 0.000010 0.000010 0.000010 0.433012 0.566928 0.000010 0.000010
0.000010 0.000010 0.102562 0.000010 0.468689 0.000010 0.000010 0.428699
0.000010 0.000010 0.125077 0.000010 0.608622 0.000010 0.266251 0.000010
0.000010 0.000010 0.000010 0.268332 0.731608 0.000010 0.000010 0.000010
0.000010 0.000010 0.000010 0.530143 0.469797 0.000010 0.000010 0.000010
0.000010 0.000010 0.000010 0.968483 0.031457 0.000010 0.000010 0.000010
0.005810 0.000010 0.000010 0.450048 0.544092 0.000010 0.000010 0.000010
0.000010 0.000010 0.999930 0.000010 0.000010 0.000010 0.000010 0.000010
0.071930 0.099267 0.000010 0.347744 0.481019 0.000010 0.000010 0.000010
0.000010 0.000010 0.000010 0.209132 0.790808 0.000010 0.000010 0.000010
0.000014 0.000010 0.000010 0.000010 0.523571 0.476365 0.000010 0.000010
0.000010 0.000010 0.000010 0.000010 0.474220 0.000010 0.000010 0.525720
0.000010 0.000010 0.000010 0.235462 0.764478 0.000010 0.000010 0.000010
0.081701 0.000010 0.000010 0.000010 0.188541 0.000010 0.729707 0.000010
0.034993 0.000010 0.000010 0.000010 0.000010 0.000010 0.000010 0.964947
0.000010 0.000010 0.000010 0.661638 0.338302 0.000010 0.000010 0.000010
0.000010 0.000010 0.000010 0.000010 0.713833 0.000010 0.286107 0.000010
0.000010 0.000010 0.000010 0.000010 0.447494 0.552446 0.000010 0.000010
0.000010 0.000010 0.000010 0.000010 0.375863 0.624077 0.000010 0.000010
0.000010 0.000010 0.274420 0.000010 0.000010 0.000010 0.725520 0.000010
0.000010 0.000010 0.000010 0.000010 0.726030 0.000010 0.273910 0.000010
0.000010 0.000010 0.000010 0.000010 0.000010 0.000010 0.000010 0.999930
0.000010 0.000010 0.000010 0.999930 0.000010 0.000010 0.000010 0.000010
0.000010 0.000010 0.000010 0.000010 0.188761 0.000010 0.308294 0.502895
0.016629 0.000010 0.000010 0.000010 0.456977 0.000010 0.526344 0.000010
0.000010 0.000010 0.000010 0.000010 0.359086 0.640854 0.000010 0.000010
0.000010 0.000010 0.000010 0.000010 0.405387 0.000010 0.000010 0.594553
0.000010 0.108686 0.000010 0.000010 0.657505 0.000010 0.000010 0.233759
0.000010 0.000010 0.160898 0.074111 0.596535 0.000010 0.000010 0.168417
0.000010 0.000010 0.000010 0.000010 0.045027 0.000010 0.000010 0.954913
0.073845 0.000010 0.000010 0.000010 0.414218 0.000010 0.000010 0.511887
0.046717 0.000010 0.000010 0.000010 0.386158 0.567074 0.000010 0.000010
0.000010 0.000010 0.000010 0.000010 0.713576 0.000010 0.286364 0.000010
0.000010 0.000010 0.000010 0.879112 0.120828 0.000010 0.000010 0.000010
0.000010 0.000010 0.000010 0.000010 0.494700 0.000010 0.505240 0.000010
0.000010 0.000010 0.000010 0.000010 0.000010 0.999930 0.000010 0.000010
0.000010 0.000010 0.000010 0.000010 0.000010 0.000010 0.000010 0.999930
0.000010 0.000010 0.000010 0.000010 0.000010 0.000010 0.999930 0.000010
0.000010 0.000010 0.000010 0.999930 0.000010 0.000010 0.000010 0.000010
0.000010 0.000010 0.000010 0.000010 0.067426 0.000010 0.000010 0.932514
0.000010 0.000010 0.000010 0.484646 0.515294 0.000010 0.000010 0.000010
0.046528 0.020345 0.000010 0.000010 0.000010 0.000010 0.000010 0.933077
0.000010 0.000010 0.000010 0.000010 0.617436 0.000010 0.382504 0.000010
0.000010 0.000010 0.414866 0.000010 0.585074 0.000010 0.000010 0.000010
0.000010 0.000010 0.000010 0.445575 0.554364 0.000011 0.000010 0.000010
0.000010 0.000010 0.000010 0.000010 0.131890 0.868050 0.000010 0.000010
0.000010 0.000010 0.000010 0.000010 0.000010 0.999930 0.000010 0.000010
0.000010 0.000010 0.000010 0.000010 0.000010 0.000010 0.000010 0.999930
0.000010 0.000010 0.021441 0.000010 0.558894 0.000010 0.000010 0.419615
0.000010 0.000010 0.000010 0.200886 0.658873 0.140191 0.000010 0.000010
0.000010 0.000010 0.000010 0.254095 0.745845 0.000010 0.000010 0.000010
0.000010 0.000010 0.000010 0.000010 0.634692 0.000010 0.365248 0.000010
0.000010 0.000010 0.000010 0.000010 0.000010 0.999930 0.000010 0.000010
0.000010 0.000010 0.000010 0.850736 0.149204 0.000010 0.000010 0.000010
0.000010 0.000010 0.000010 0.000010 0.434276 0.565664 0.000010 0.000010
0.035669 0.000010 0.000010 0.716309 0.247972 0.000010 0.000010 0.000010
0.000010 0.000010 0.159910 0.000010 0.592529 0.000010 0.000010 0.247511
0.000010 0.000010 0.000010 0.492116 0.507824 0.000010 0.000010 0.000010
0.000010 0.000010 0.000010 0.000010 0.434501 0.565439 0.000010 0.000010
0.000010 0.000010 0.000010 0.000010 0.074594 0.000010 0.925346 0.000010
0.000010 0.000010 0.000010 0.000010 0.024514 0.429732 0.545704 0.000010
0.000010 0.000010 0.000010 0.000010 0.342306 0.000010 0.000010 0.657634
0.000010 0.000010 0.000010 0.000010 0.403267 0.000010 0.000010 0.596673
0.000010 0.000010 0.000010 0.072726 0.415157 0.164465 0.055544 0.292078
0.000010 0.000010 0.000010 0.000010 0.101742 0.898198 0.000010 0.000010
0.000010 0.000010 0.000010 0.000010 0.523674 0.476266 0.000010 0.000010
0.058151 0.000010 0.000010 0.000010 0.324375 0.000010 0.000010 0.617424
0.000010 0.000010 0.000010 0.250583 0.749357 0.000010 0.000010 0.000010
0.000010 0.000010 0.000010 0.000010 0.000010 0.000010 0.999930 0.000010
0.000010 0.000010 0.000010 0.000010 0.332163 0.000010 0.000010 0.667777
0.000010 0.000010 0.425272 0.157639 0.173183 0.000010 0.000010 0.243866
0.008530 0.000010 0.000010 0.729492 0.261928 0.000010 0.000010 0.000010
0.000010 0.000010 0.000010 0.000010 0.000010 0.000010 0.999930 0.000010
0.000010 0.000010 0.000010 0.000010 0.525037 0.000010 0.000010 0.474903
0.010472 0.000010 0.000010 0.252864 0.736613 0.000010 0.000010 0.000010
0.000010 0.000010 0.000010 0.605226 0.394714 0.000010 0.000010 0.000010
0.000010 0.000010 0.000010 0.000010 0.096574 0.903366 0.000010 0.000010
0.095466 0.000010 0.485839 0.000010 0.418646 0.000010 0.000010 0.000010
0.033222 0.000010 0.000010 0.000010 0.496823 0.469905 0.000010 0.000010
0.000010 0.000010 0.060813 0.000010 0.013391 0.294920 0.630836 0.000010
0.000010 0.000010 0.000010 0.000010 0.167581 0.832359 0.000010 0.000010
0.000010 0.000010 0.000010 0.000010 0.000010 0.999930 0.000010 0.000010
0.000010 0.000010 0.000010 0.000010 0.270612 0.000010 0.729328 0.000010
0.000010 0.000010 0.000010 0.000010 0.065731 0.000010 0.934209 0.000010
0.000010 0.000010 0.000010 0.569389 0.179275 0.251286 0.000010 0.000010
0.000010 0.000010 0.000010 0.000010 0.516798 0.483142 0.000010 0.000010
0.000010 0.000010 0.000010 0.000010 0.497807 0.502133 0.000010 0.000010
0.000010 0.000010 0.000010 0.000010 0.000010 0.999930 0.000010 0.000010
0.000010 0.000010 0.000010 0.000010 0.313457 0.000010 0.000010 0.686483
0.000010 0.000010 0.000010 0.000010 0.578103 0.000010 0.000010 0.421837
0.083320 0.000010 0.000010 0.000010 0.473907 0.000010 0.000010 0.442723
0.000010 0.000010 0.000010 0.736972 0.262968 0.000010 0.000010 0.000010
0.000010 0.000010 0.450816 0.334893 0.214241 0.000010 0.000010 0.000010
0.049467 0.046306 0.000011 0.000010 0.000010 0.000010 0.000010 0.904176
0.058347 0.000010 0.000010 0.274946 0.666657 0.000010 0.000010 0.000010
0.000010 0.000010 0.000010 0.000010 0.480129 0.000010 0.519811 0.000010
0.000010 0.000010 0.000010 0.000010 0.210821 0.000010 0.000010 0.789119
0.000010 0.000010 0.000010 0.000010 0.000010 0.000010 0.000010 0.999930
0.043443 0.000010 0.000010 0.000010 0.000010 0.289814 0.195588 0.471115
0.000010 0.000010 0.255490 0.000010 0.000010 0.000010 0.744450 0.000010
0.000010 0.000010 0.000010 0.693200 0.306740 0.000010 0.000010 0.000010
0.000010 0.000010 0.000010 0.000010 0.571560 0.428380 0.000010 0.000010
0.000010 0.000010 0.000010 0.000010 0.620136 0.000010 0.379804 0.000010
0.000010 0.000010 0.000010 0.000010 0.318874 0.000010 0.000010 0.681066
0.000010 0.064509 0.000010 0.623189 0.312252 0.000010 0.000010 0.000010
0.000010 0.000010 0.000010 0.386412 0.613528 0.000010 0.000010 0.000010
0.000010 0.000010 0.000010 0.999930 0.000010 0.000010 0.000010 0.000010
0.000010 0.000010 0.620357 0.000010 0.379583 0.000010 0.000010 0.000010
0.000010 0.000010 0.000010 0.633192 0.366748 0.000010 0.000010 0.000010
0.000010 0.000010 0.000010 0.000010 0.000010 0.000010 0.000010 0.999930
0.000010 0.000010 0.000010 0.261754 0.738186 0.000010 0.000010 0.000010
0.000010 0.000010 0.000010 0.509372 0.490568 0.000010 0.000010 0.000010
0.000010 0.000010 0.000010 0.999930 0.000010 0.000010 0.000010 0.000010
0.000010 0.000010 0.000010 0.999930 0.000010 0.000010 0.000010 0.000010
0.000010 0.000010 0.000010 0.289211 0.710729 0.000010 0.000010 0.000010
0.000010 0.000010 0.000010 0.000010 0.478153 0.000010 0.000010 0.521787
0.000010 0.024099 0.000010 0.000010 0.782492 0.000010 0.193359 0.000010
0.000010 0.000010 0.000010 0.613888 0.000010 0.000010 0.386052 0.000010
0.000010 0.000010 0.000010 0.000010 0.213576 0.000010 0.786364 0.000010
0.000010 0.000010 0.000010 0.000010 0.000010 0.000010 0.999930 0.000010
0.031917 0.000010 0.000010 0.205370 0.762663 0.000010 0.000010 0.000010
0.000010 0.000010 0.000010 0.000010 0.485555 0.000010 0.000010 0.514385
0.000010 0.086386 0.113108 0.000010 0.690861 0.109604 0.000010 0.000010
0.142632 0.000010 0.482455 0.000010 0.228270 0.000010 0.146604 0.000010
0.000010 0.000010 0.601497 0.000010 0.398443 0.000010 0.000010 0.000010
0.059252 0.000010 0.225172 0.097965 0.617571 0.000010 0.000010 0.000010
0.000010 0.000010 0.282493 0.000010 0.717447 0.000010 0.000010 0.000010
0.000010 0.000010 0.523864 0.000010 0.476076 0.000010 0.000010 0.000010
0.000010 0.000010 0.404949 0.000010 0.140536 0.454465 0.000010 0.000010
0.000010 0.000010 0.780852 0.000010 0.219088 0.000010 0.000010 0.000010
0.000010 0.000010 0.557420 0.000010 0.442520 0.000010 0.000010 0.000010
0.000010 0.000010 0.726740 0.000010 0.273200 0.000010 0.000010 0.000010
0.000010 0.000010 0.000010 0.000010 0.525491 0.000010 0.474449 0.000010
0.000010 0.000010 0.004951 0.136430 0.763666 0.000010 0.094913 0.000010
0.000010 0.000010 0.000010 0.000010 0.795146 0.000010 0.119013 0.085792
0.000010 0.000010 0.000010 0.000010 0.472454 0.000010 0.527486 0.000010
0.000010 0.000010 0.000010 0.699251 0.300689 0.000010 0.000010 0.000010
0.000010 0.000010 0.000010 0.000010 0.000010 0.000010 0.000010 0.999930
0.000010 0.000010 0.000010 0.000010 0.046251 0.953689 0.000010 0.000010
0.000010 0.000010 0.999930 0.000010 0.000010 0.000010 0.000010 0.000010
0.000010 0.000010 0.000010 0.464149 0.535791 0.000010 0.000010 0.000010
0.000010 0.000010 0.000010 0.000010 0.229902 0.000010 0.330169 0.439879
0.000010 0.022847 0.112880 0.000010 0.474398 0.000010 0.000010 0.389834
0.000010 0.000010 0.000010 0.000010 0.000010 0.000010 0.000010 0.999930
0.000010 0.000010 0.225825 0.000010 0.358149 0.000010 0.141875 0.274111
0.041530 0.000010 0.000010 0.627170 0.331250 0.000010 0.000010 0.000010
0.000010 0.000010 0.000010 0.502789 0.497151 0.000010 0.000010 0.000010
0.000010 0.000010 0.360756 0.000010 0.639184 0.000010 0.000010 0.000010
0.000010 0.000010 0.000010 0.615273 0.384667 0.000010 0.000010 0.000010
0.000010 0.000010 0.000010 0.000010 0.478163 0.000010 0.521777 0.000010
0.000010 0.000010 0.000010 0.000010 0.268835 0.000010 0.731105 0.000010
0.000010 0.000010 0.000010 0.000010 0.000010 0.000010 0.000010 0.999930
0.000010 0.000010 0.218737 0.368136 0.413077 0.000010 0.000010 0.000010
0.000010 0.000010 0.000010 0.000010 0.542982 0.456958 0.000010 0.000010
0.000010 0.000010 0.000010 0.885227 0.114713 0.000010 0.000010 0.000010
0.000010 0.000010 0.000010 0.000010 0.174366 0.000012 0.825572 0.000010
0.000010 0.000010 0.000010 0.653756 0.346184 0.000010 0.000010 0.000010
0.000010 0.000010 0.000010 0.294648 0.000010 0.000010 0.000010 0.705292
0.000010 0.000010 0.000010 0.000010 0.752483 0.000010 0.247457 0.000010
0.000010 0.000010 0.000010 0.683594 0.316346 0.000010 0.000010 0.000010
0.000010 0.000010 0.000010 0.000010 0.000010 0.000010 0.210361 0.789579
0.000010 0.000010 0.000010 0.000010 0.000010 0.999930 0.000010 0.000010
0.016855 0.000010 0.059624 0.174337 0.283344 0.000010 0.209433 0.256387
0.000010 0.000010 0.000010 0.000010 0.000010 0.000010 0.999930 0.000010
0.000010 0.000010 0.000010 0.000010 0.042962 0.000010 0.956978 0.000010
0.000010 0.000010 0.000010 0.000010 0.179931 0.820009 0.000010 0.000010
0.000010 0.000010 0.000010 0.000010 0.289715 0.000010 0.710225 0.000010
0.009604 0.000010 0.000010 0.000010 0.002611 0.000010 0.000010 0.987735
0.000010 0.000010 0.000010 0.000010 0.130640 0.000010 0.000010 0.869300
0.000010 0.000010 0.094775 0.190097 0.000010 0.000010 0.000010 0.715078
0.000010 0.000010 0.000010 0.999930 0.000010 0.000010 0.000010 0.000010
0.000010 0.000010 0.000010 0.000010 0.269615 0.000010 0.730325 0.000010
0.000010 0.000010 0.000010 0.000010 0.030682 0.000010 0.969258 0.000010
0.000010 0.000010 0.000010 0.938844 0.061096 0.000010 0.000010 0.000010
0.000010 0.000010 0.000010 0.339893 0.660047 0.000010 0.000010 0.000010
0.070619 0.000010 0.000010 0.000010 0.133840 0.795491 0.000010 0.000010
0.000010 0.000010 0.000010 0.000010 0.210081 0.000010 0.000010 0.789859
0.000010 0.000010 0.000010 0.000010 0.381592 0.000010 0.618348 0.000010
0.000010 0.000010 0.000010 0.000010 0.354832 0.000010 0.645108 0.000010
0.000010 0.000010 0.000010 0.000010 0.735710 0.000010 0.264230 0.000010
0.000010 0.000010 0.000010 0.414397 0.000010 0.000010 0.585543 0.000010
0.000010 0.000010 0.000010 0.523249 0.476691 0.000010 0.000010 0.000010
0.000010 0.000010 0.000010 0.388677 0.611263 0.000010 0.000010 0.000010
0.000010 0.000010 0.000010 0.000010 0.625608 0.000010 0.374332 0.000010
0.000010 0.051065 0.000010 0.000010 0.431049 0.000010 0.000010 0.517835
0.000010 0.000010 0.000010 0.660418 0.339522 0.000010 0.000010 0.000010
0.000010 0.000010 0.056914 0.000010 0.652815 0.000010 0.146370 0.143861
0.000010 0.000010 0.000010 0.000010 0.545365 0.000010 0.000010 0.454575
0.000010 0.000010 0.455743 0.000010 0.544197 0.000010 0.000010 0.000010
0.000010 0.000010 0.111444 0.000010 0.585316 0.000010 0.040611 0.262589
